0 0.151562 0.876389 0.050000 0.200000
0 0.256641 0.915278 0.053906 0.169444
0 0.317188 0.767361 0.042188 0.168056
0 0.260547 0.747222 0.036719 0.150000
0 0.232813 0.702083 0.028125 0.151389
0 0.281641 0.617361 0.028906 0.115278
0 0.325391 0.600000 0.025781 0.125000
0 0.346875 0.663194 0.026562 0.129167
0 0.341406 0.513194 0.020313 0.090278
0 0.371484 0.613194 0.027344 0.118056
0 0.408594 0.500694 0.023438 0.098611
0 0.896875 0.479167 0.021875 0.088889
0 0.920703 0.479861 0.017969 0.070833
0 0.869141 0.438889 0.019531 0.063889
0 0.841016 0.421528 0.019531 0.068056
1 0.439453 0.924306 0.132031 0.151389
1 0.569531 0.404167 0.048438 0.097222
1 0.511328 0.347917 0.033594 0.068056
1 0.575391 0.354861 0.047656 0.084722
1 0.564844 0.286806 0.029687 0.059722
1 0.522656 0.272917 0.028125 0.051389
1 0.563672 0.254167 0.028906 0.044444
1 0.839844 0.521528 0.092188 0.131944
1 0.964063 0.747222 0.071875 0.191667
