0 0.245703 0.786111 0.046094 0.205556
0 0.258203 0.596528 0.041406 0.140278
0 0.338672 0.540278 0.033594 0.138889
0 0.982812 0.489583 0.034375 0.115278
0 0.922266 0.449306 0.025781 0.101389
0 0.909766 0.406250 0.022656 0.098611
0 0.876563 0.377778 0.018750 0.072222
0 0.863281 0.345139 0.015625 0.070833
0 0.833984 0.354167 0.017969 0.077778
0 0.808594 0.320833 0.017188 0.075000
0 0.840234 0.318750 0.019531 0.068056
1 0.612891 0.765278 0.130469 0.316667
1 0.830078 0.575000 0.119531 0.188889
1 0.683594 0.309722 0.062500 0.088889
1 0.562109 0.346528 0.055469 0.093056
1 0.496094 0.279167 0.045312 0.088889
1 0.507812 0.194444 0.034375 0.055556
1 0.546484 0.173611 0.032031 0.055556
0 0.404297 0.275694 0.025781 0.079167
0 0.429297 0.217361 0.016406 0.054167
