0 0.141797 0.792361 0.053906 0.206944
0 0.235547 0.663889 0.036719 0.155556
0 0.312891 0.607639 0.032031 0.165278
0 0.243750 0.528472 0.031250 0.131944
0 0.271484 0.561806 0.035156 0.134722
0 0.328125 0.503472 0.026562 0.118056
0 0.364844 0.445139 0.025000 0.104167
0 0.321484 0.438194 0.022656 0.104167
0 0.350781 0.379861 0.017188 0.084722
0 0.395703 0.364583 0.017969 0.084722
0 0.376953 0.352083 0.017969 0.079167
0 0.360938 0.308333 0.017188 0.075000
0 0.349219 0.336111 0.015625 0.075000
0 0.409766 0.330556 0.014844 0.077778
0 0.916016 0.420139 0.028906 0.076389
0 0.864844 0.377778 0.026562 0.069444
0 0.901953 0.378472 0.024219 0.062500
1 0.733594 0.413889 0.079687 0.108333
1 0.670703 0.284028 0.049219 0.065278
1 0.634766 0.225694 0.038281 0.054167
1 0.601953 0.160417 0.021094 0.040278
1 0.624609 0.154861 0.022656 0.031944
