1 0.539062 0.170833 0.034375 0.077778
1 0.491797 0.168750 0.024219 0.056944
1 0.503906 0.093056 0.015625 0.025000
0 0.392969 0.374306 0.021875 0.095833
0 0.228906 0.734028 0.043750 0.187500
0 0.251172 0.514583 0.025781 0.112500
0 0.291016 0.554861 0.027344 0.134722
0 0.321094 0.570833 0.029687 0.138889
3 0.698828 0.311111 0.091406 0.161111
0 0.428516 0.239583 0.014844 0.056944
1 0.916797 0.781250 0.166406 0.251389
0 0.862500 0.359028 0.021875 0.073611
0 0.683203 0.180556 0.010156 0.036111
0 0.719531 0.211806 0.012500 0.043056
0 0.790234 0.273611 0.016406 0.063889
0 0.838281 0.314583 0.018750 0.065278
0 0.894531 0.370833 0.021875 0.069444
0 0.922656 0.422917 0.026562 0.081944
0 0.407813 0.232639 0.017188 0.051389
