1 0.497266 0.680556 0.085156 0.238889
1 0.614062 0.544444 0.065625 0.152778
1 0.896484 0.593056 0.114844 0.122222
1 0.683594 0.359028 0.043750 0.076389
1 0.526563 0.417361 0.039062 0.076389
1 0.593359 0.420833 0.044531 0.077778
1 0.657031 0.312500 0.032813 0.050000
1 0.587891 0.352083 0.036719 0.056944
0 0.248828 0.884722 0.042969 0.208333
0 0.316797 0.806944 0.036719 0.166667
0 0.276562 0.702083 0.034375 0.145833
0 0.358203 0.720833 0.033594 0.150000
0 0.341016 0.670139 0.028906 0.145833
0 0.409375 0.577778 0.028125 0.113889
0 0.380469 0.547222 0.021875 0.100000
0 0.363672 0.522917 0.019531 0.095833
0 0.332813 0.602083 0.028125 0.109722
0 0.415625 0.499306 0.021875 0.076389
0 0.441016 0.485417 0.014844 0.087500
