0 0.223828 0.786111 0.038281 0.205556
0 0.197656 0.740972 0.035937 0.148611
0 0.269531 0.658333 0.039062 0.136111
0 0.309375 0.668056 0.031250 0.144444
0 0.296875 0.543056 0.025000 0.105556
0 0.341406 0.590972 0.026562 0.115278
0 0.375391 0.553472 0.025781 0.104167
0 0.219531 0.932639 0.056250 0.134722
0 0.925391 0.508333 0.033594 0.083333
0 0.821484 0.436111 0.021094 0.069444
0 0.795703 0.404167 0.019531 0.063889
0 0.842187 0.408333 0.018750 0.066667
0 0.854688 0.468750 0.025000 0.073611
1 0.427734 0.889583 0.117969 0.220833
1 0.575000 0.522917 0.064062 0.140278
1 0.709766 0.448611 0.064844 0.100000
1 0.683594 0.342361 0.043750 0.070833
1 0.634375 0.336111 0.039062 0.061111
1 0.471094 0.461111 0.054688 0.116667
1 0.550781 0.383333 0.042188 0.080556
