1 0.470703 0.388194 0.050781 0.098611
1 0.450000 0.602778 0.082812 0.208333
0 0.284766 0.666667 0.046094 0.161111
0 0.356250 0.493056 0.023438 0.102778
0 0.234375 0.636806 0.032813 0.143056
0 0.881641 0.427778 0.022656 0.075000
0 0.840234 0.370139 0.021094 0.070833
0 0.803125 0.339583 0.020313 0.056944
1 0.672656 0.325694 0.050000 0.068056
1 0.732031 0.329861 0.057813 0.073611
1 0.622656 0.234722 0.034375 0.047222
1 0.589063 0.141667 0.017188 0.033333
0 0.935547 0.470833 0.028906 0.080556
0 0.255078 0.536806 0.028906 0.115278
