1 0.703906 0.295833 0.048438 0.072222
1 0.741797 0.249306 0.057031 0.093056
1 0.694141 0.196528 0.035156 0.048611
1 0.638672 0.176389 0.030469 0.050000
1 0.656641 0.145139 0.025781 0.043056
0 0.225391 0.652778 0.041406 0.155556
0 0.312891 0.587500 0.035156 0.152778
0 0.375000 0.496528 0.032813 0.126389
0 0.368750 0.375000 0.020313 0.088889
0 0.397656 0.386806 0.018750 0.095833
0 0.430078 0.368750 0.021094 0.084722
0 0.407813 0.311111 0.020313 0.066667
0 0.425391 0.276389 0.013281 0.066667
0 0.436719 0.245139 0.014063 0.059722
0 0.459375 0.240278 0.012500 0.058333
0 0.473047 0.232639 0.011719 0.054167
0 0.969531 0.431250 0.032813 0.098611
0 0.926172 0.398611 0.028906 0.080556
0 0.954688 0.381944 0.026562 0.075000
0 0.917578 0.346528 0.022656 0.070833
0 0.889062 0.341667 0.025000 0.083333
0 0.850391 0.321528 0.021094 0.068056
0 0.832812 0.268056 0.018750 0.052778
0 0.793750 0.247222 0.020313 0.055556
0 0.870313 0.311111 0.017188 0.066667
