1 0.499219 0.395833 0.064062 0.150000
1 0.593359 0.355556 0.072656 0.152778
1 0.521094 0.254861 0.031250 0.065278
1 0.580078 0.242361 0.036719 0.093056
1 0.719141 0.274306 0.042969 0.059722
1 0.723437 0.382639 0.073438 0.106944
1 0.780078 0.356944 0.064844 0.088889
1 0.668359 0.205556 0.032031 0.050000
0 0.240625 0.677778 0.043750 0.163889
0 0.360938 0.503472 0.028125 0.129167
0 0.397656 0.484028 0.026562 0.109722
0 0.414453 0.370833 0.021094 0.083333
0 0.359766 0.409028 0.025781 0.095833
0 0.449609 0.245833 0.014844 0.052778
0 0.938281 0.439583 0.025000 0.084722
