0 0.123047 0.793750 0.067969 0.218056
0 0.227344 0.576389 0.034375 0.144444
0 0.268750 0.750694 0.046875 0.234722
0 0.247656 0.653472 0.040625 0.201389
0 0.331641 0.516667 0.035156 0.150000
0 0.282031 0.466667 0.032813 0.138889
0 0.322656 0.372917 0.026562 0.106944
0 0.378516 0.340972 0.027344 0.095833
0 0.749219 0.160417 0.015625 0.051389
0 0.772266 0.186111 0.013281 0.047222
0 0.793359 0.198611 0.017969 0.055556
0 0.810547 0.195833 0.014844 0.055556
0 0.817969 0.227083 0.015625 0.059722
0 0.841406 0.254167 0.021875 0.072222
0 0.876563 0.270139 0.025000 0.070833
1 0.421484 0.812500 0.155469 0.375000
1 0.577734 0.362500 0.077344 0.152778
1 0.755078 0.354861 0.097656 0.143056
