1 0.461719 0.556944 0.095312 0.211111
1 0.586328 0.395139 0.080469 0.159722
1 0.660937 0.157639 0.048438 0.073611
1 0.779687 0.368056 0.104688 0.158333
1 0.507812 0.190278 0.050000 0.094444
0 0.184375 0.718056 0.060937 0.230556
0 0.212109 0.582639 0.042969 0.162500
0 0.265234 0.588889 0.032031 0.166667
0 0.291797 0.646528 0.042969 0.198611
0 0.297656 0.447917 0.032813 0.131944
0 0.337109 0.504861 0.036719 0.145833
0 0.328125 0.337500 0.031250 0.108333
0 0.366016 0.413194 0.032031 0.109722
0 0.947656 0.330556 0.034375 0.094444
0 0.894922 0.266667 0.030469 0.083333
0 0.841406 0.229861 0.026562 0.073611
