0 0.232031 0.918056 0.062500 0.163889
0 0.194922 0.847222 0.057031 0.213889
0 0.288281 0.734722 0.035937 0.186111
0 0.359766 0.595833 0.030469 0.133333
0 0.323047 0.570833 0.022656 0.116667
0 0.312500 0.516667 0.026562 0.113889
0 0.348828 0.456250 0.021094 0.098611
0 0.369531 0.470139 0.021875 0.101389
0 0.400000 0.472222 0.018750 0.091667
0 0.399219 0.419444 0.018750 0.077778
0 0.383984 0.403472 0.014844 0.073611
0 0.421484 0.397917 0.017969 0.079167
0 0.392969 0.361806 0.015625 0.059722
0 0.922656 0.434722 0.018750 0.075000
0 0.866016 0.389583 0.022656 0.062500
0 0.899609 0.384722 0.022656 0.066667
1 0.582812 0.400000 0.053125 0.130556
1 0.957422 0.673611 0.085156 0.188889
1 0.793750 0.388194 0.071875 0.090278
1 0.671094 0.302778 0.051562 0.075000
1 0.703906 0.272917 0.040625 0.059722
1 0.517188 0.308333 0.045312 0.075000
1 0.529687 0.226389 0.035937 0.055556
1 0.566797 0.214583 0.028906 0.043056
1 0.526563 0.174306 0.017188 0.034722
1 0.562891 0.186111 0.021094 0.036111
1 0.668359 0.222917 0.035156 0.048611
1 0.649609 0.188889 0.024219 0.036111
1 0.612500 0.162500 0.017188 0.030556
