0 0.173047 0.782639 0.044531 0.201389
0 0.231641 0.807639 0.047656 0.198611
0 0.301563 0.727778 0.034375 0.177778
0 0.233594 0.653472 0.043750 0.151389
0 0.283984 0.665278 0.041406 0.172222
0 0.312891 0.570139 0.030469 0.137500
0 0.349609 0.584028 0.028906 0.137500
0 0.297266 0.502083 0.024219 0.115278
0 0.354687 0.493750 0.026562 0.081944
0 0.395703 0.439583 0.022656 0.098611
0 0.330469 0.427083 0.020313 0.095833
0 0.423047 0.364583 0.017969 0.084722
0 0.403516 0.379861 0.019531 0.070833
0 0.377344 0.383333 0.020313 0.086111
0 0.380078 0.315278 0.014844 0.061111
0 0.402734 0.329861 0.016406 0.056944
0 0.970703 0.486111 0.032031 0.094444
0 0.919922 0.425694 0.032031 0.087500
0 0.884766 0.381250 0.025781 0.076389
0 0.849219 0.345833 0.023438 0.066667
0 0.820703 0.305556 0.019531 0.066667
1 0.490234 0.381944 0.053906 0.113889
1 0.714844 0.336806 0.064062 0.084722
1 0.569922 0.279861 0.041406 0.079167
1 0.511328 0.226389 0.033594 0.066667
1 0.644141 0.213889 0.036719 0.066667
3 0.520703 0.137500 0.032031 0.077778
