1 0.837500 0.590972 0.106250 0.159722
1 0.863672 0.456250 0.096094 0.134722
1 0.726172 0.283333 0.047656 0.066667
1 0.641797 0.206944 0.024219 0.047222
1 0.691797 0.227778 0.032031 0.050000
0 0.235156 0.840278 0.043750 0.200000
0 0.289453 0.849306 0.039844 0.204167
0 0.339453 0.713194 0.030469 0.165278
0 0.289844 0.689583 0.035937 0.134722
0 0.288281 0.615972 0.029687 0.104167
0 0.330859 0.514583 0.038281 0.143056
0 0.369531 0.579167 0.028125 0.122222
0 0.405078 0.500000 0.025781 0.108333
0 0.365625 0.487500 0.020313 0.091667
0 0.365625 0.427083 0.023438 0.076389
0 0.392969 0.436806 0.015625 0.081944
0 0.425781 0.432639 0.021875 0.087500
0 0.447656 0.390972 0.018750 0.076389
0 0.393359 0.381944 0.016406 0.072222
0 0.408594 0.358333 0.014063 0.069444
0 0.428125 0.347917 0.018750 0.065278
0 0.442188 0.322917 0.015625 0.059722
0 0.457031 0.300694 0.012500 0.062500
0 0.467187 0.274306 0.017188 0.051389
0 0.972266 0.439583 0.021094 0.079167
0 0.949219 0.440972 0.021875 0.098611
0 0.918359 0.402778 0.017969 0.083333
0 0.891797 0.369444 0.017969 0.075000
0 0.855859 0.347917 0.014844 0.068056
0 0.838672 0.324306 0.017969 0.065278
0 0.815234 0.324306 0.014844 0.054167
0 0.791406 0.295833 0.012500 0.058333
0 0.804688 0.284722 0.012500 0.052778
0 0.770703 0.272222 0.013281 0.050000
