1 0.910547 0.581250 0.114844 0.137500
1 0.697266 0.386111 0.058594 0.088889
1 0.756641 0.358333 0.061719 0.086111
1 0.685937 0.266667 0.035937 0.047222
1 0.603906 0.195833 0.025000 0.041667
3 0.651563 0.206250 0.050000 0.090278
0 0.144531 0.887500 0.053125 0.183333
0 0.210938 0.853472 0.046875 0.212500
0 0.239453 0.906944 0.055469 0.186111
0 0.266797 0.689583 0.035156 0.168056
0 0.300391 0.734722 0.039844 0.169444
0 0.317578 0.627083 0.032031 0.120833
0 0.305078 0.561806 0.030469 0.123611
0 0.285156 0.514583 0.028125 0.126389
0 0.365625 0.528472 0.028125 0.106944
0 0.342187 0.486111 0.020313 0.097222
0 0.401953 0.428472 0.022656 0.084722
0 0.418359 0.357639 0.014844 0.073611
0 0.341406 0.399306 0.020313 0.070833
0 0.899219 0.437500 0.026562 0.077778
0 0.862500 0.388194 0.020313 0.068056
0 0.811328 0.345833 0.017969 0.055556
