1 0.823828 0.545833 0.122656 0.166667
1 0.654297 0.837500 0.146094 0.325000
1 0.575781 0.240972 0.034375 0.054167
1 0.710938 0.342361 0.068750 0.118056
1 0.755078 0.311806 0.046094 0.073611
1 0.708594 0.261806 0.042188 0.056944
0 0.354297 0.524306 0.033594 0.131944
0 0.453125 0.313194 0.020313 0.076389
0 0.435156 0.331944 0.021875 0.063889
0 0.427734 0.406250 0.024219 0.093056
0 0.398828 0.352083 0.019531 0.081944
0 0.414453 0.372222 0.021094 0.077778
0 0.452734 0.247917 0.016406 0.056944
0 0.943750 0.434028 0.023438 0.068056
0 0.924219 0.443056 0.026562 0.077778
0 0.894141 0.404167 0.025781 0.077778
0 0.859375 0.340278 0.021875 0.069444
