1 0.576562 0.481944 0.070312 0.152778
3 0.440625 0.497222 0.110937 0.336111
1 0.562500 0.335417 0.046875 0.081944
1 0.487500 0.254861 0.037500 0.073611
1 0.553906 0.234028 0.034375 0.054167
1 0.662891 0.299306 0.049219 0.076389
1 0.796094 0.402778 0.081250 0.102778
0 0.929688 0.436111 0.034375 0.088889
0 0.893359 0.415278 0.027344 0.075000
0 0.780469 0.297222 0.017188 0.058333
0 0.251172 0.795833 0.050781 0.169444
0 0.132812 0.802778 0.040625 0.188889
0 0.191406 0.639583 0.034375 0.154167
0 0.322266 0.497917 0.027344 0.123611
0 0.301172 0.688889 0.036719 0.172222
0 0.362109 0.488194 0.025781 0.120833
0 0.248438 0.545139 0.026562 0.126389
1 0.614453 0.143056 0.017969 0.036111
1 0.645312 0.201389 0.032813 0.044444
