0 0.192969 0.855556 0.051562 0.197222
0 0.207031 0.713194 0.040625 0.187500
0 0.279297 0.687500 0.039844 0.172222
0 0.328906 0.584722 0.025000 0.133333
0 0.276562 0.579167 0.031250 0.150000
0 0.319531 0.457639 0.023438 0.126389
0 0.341016 0.486806 0.028906 0.106944
0 0.387500 0.370139 0.023438 0.095833
0 0.420312 0.288889 0.023438 0.063889
0 0.441406 0.259722 0.017188 0.063889
0 0.982812 0.522917 0.034375 0.118056
0 0.973437 0.447917 0.032813 0.073611
0 0.918750 0.419444 0.017188 0.075000
0 0.941797 0.464583 0.028906 0.104167
0 0.883203 0.406944 0.027344 0.072222
1 0.592187 0.625000 0.107813 0.244444
1 0.510156 0.196528 0.028125 0.045833
1 0.537891 0.173611 0.024219 0.044444
1 0.724219 0.305556 0.056250 0.075000
1 0.659375 0.213194 0.029687 0.051389
1 0.625000 0.210417 0.029687 0.048611
1 0.611719 0.173611 0.018750 0.041667
