1 0.636719 0.846528 0.125000 0.306944
1 0.437109 0.861806 0.144531 0.276389
1 0.848047 0.501389 0.088281 0.119444
1 0.756250 0.388889 0.064062 0.072222
1 0.665234 0.322222 0.052344 0.080556
1 0.573438 0.450694 0.070312 0.137500
1 0.470313 0.477778 0.062500 0.108333
1 0.487109 0.360417 0.049219 0.076389
1 0.559375 0.314583 0.043750 0.059722
1 0.499219 0.284722 0.035937 0.063889
1 0.551172 0.258333 0.033594 0.050000
1 0.664453 0.261111 0.032031 0.047222
0 0.151172 0.834028 0.047656 0.198611
0 0.211719 0.820833 0.054688 0.163889
0 0.195312 0.932639 0.050000 0.134722
0 0.299609 0.729167 0.044531 0.169444
0 0.277344 0.654861 0.035937 0.159722
0 0.232813 0.647222 0.034375 0.138889
0 0.310156 0.561111 0.031250 0.125000
0 0.343750 0.581944 0.031250 0.130556
0 0.375000 0.544444 0.025000 0.116667
0 0.355078 0.492361 0.019531 0.087500
0 0.386328 0.455556 0.021094 0.088889
0 0.923438 0.488889 0.029687 0.097222
0 0.841406 0.393750 0.018750 0.059722
0 0.809375 0.373611 0.018750 0.063889
0 0.781250 0.334722 0.014063 0.050000
