1 0.473047 0.344444 0.047656 0.100000
1 0.573828 0.375694 0.053906 0.101389
1 0.493750 0.229861 0.028125 0.087500
1 0.551953 0.287500 0.033594 0.066667
1 0.762891 0.359028 0.069531 0.101389
1 0.792578 0.563194 0.110156 0.151389
0 0.936328 0.473611 0.028906 0.086111
0 0.893750 0.408333 0.028125 0.075000
0 0.328125 0.567361 0.035937 0.134722
0 0.372266 0.442361 0.022656 0.090278
0 0.176953 0.725000 0.042969 0.172222
0 0.295703 0.456944 0.024219 0.086111
0 0.401562 0.375000 0.015625 0.083333
0 0.748828 0.260417 0.013281 0.048611
0 0.847266 0.386111 0.022656 0.075000
1 0.669922 0.234722 0.036719 0.061111
1 0.629297 0.242361 0.038281 0.056944
1 0.632422 0.186806 0.025781 0.043056
1 0.547656 0.223611 0.031250 0.052778
