0 0.345313 0.636111 0.040625 0.161111
0 0.300781 0.601389 0.050000 0.169444
0 0.375000 0.486111 0.023438 0.108333
0 0.394531 0.419444 0.023438 0.105556
0 0.428906 0.386111 0.025000 0.102778
1 0.508594 0.397917 0.068750 0.195833
1 0.530859 0.227778 0.038281 0.047222
1 0.577734 0.206944 0.038281 0.052778
1 0.724219 0.318056 0.073438 0.083333
1 0.800000 0.357639 0.073438 0.095833
1 0.703906 0.238889 0.040625 0.061111
1 0.676562 0.196528 0.032813 0.031944
1 0.564844 0.175000 0.034375 0.044444
0 0.914062 0.399306 0.023438 0.090278
0 0.959766 0.415278 0.032031 0.100000
0 0.871094 0.346528 0.021875 0.062500
0 0.771875 0.251389 0.020313 0.061111
0 0.741406 0.211806 0.018750 0.054167
