1 0.601172 0.500694 0.080469 0.176389
1 0.751172 0.420833 0.089844 0.155556
1 0.941797 0.577778 0.116406 0.152778
1 0.509375 0.356250 0.046875 0.095833
1 0.573047 0.294444 0.042969 0.069444
1 0.655078 0.243056 0.035156 0.050000
1 0.690234 0.238889 0.035156 0.050000
0 0.310156 0.688889 0.039062 0.177778
0 0.285938 0.581944 0.029687 0.133333
0 0.386328 0.500694 0.027344 0.112500
0 0.355859 0.479861 0.022656 0.106944
0 0.417969 0.430556 0.023438 0.091667
0 0.383203 0.434028 0.027344 0.079167
0 0.383594 0.375000 0.023438 0.069444
0 0.439844 0.350694 0.020313 0.079167
0 0.889062 0.371528 0.021875 0.059722
0 0.902734 0.412500 0.025781 0.066667
