1 0.501953 0.349306 0.041406 0.087500
1 0.510938 0.222917 0.037500 0.081944
1 0.555859 0.204861 0.028906 0.059722
1 0.622656 0.200000 0.026562 0.036111
1 0.657031 0.198611 0.025000 0.038889
1 0.678906 0.220139 0.032813 0.045833
1 0.658594 0.280556 0.039062 0.063889
1 0.733984 0.288194 0.061719 0.101389
1 0.733203 0.413194 0.071094 0.118056
1 0.814453 0.405556 0.078906 0.097222
0 0.121484 0.886806 0.072656 0.226389
0 0.241797 0.811806 0.057031 0.215278
0 0.221094 0.702083 0.040625 0.165278
0 0.287109 0.522917 0.033594 0.123611
0 0.343359 0.422222 0.021094 0.091667
0 0.370703 0.381944 0.022656 0.083333
0 0.408594 0.426389 0.021875 0.094444
0 0.403516 0.358333 0.017969 0.069444
0 0.421094 0.361111 0.018750 0.086111
0 0.887891 0.399306 0.022656 0.079167
0 0.871094 0.370139 0.017188 0.065278
0 0.936328 0.440278 0.027344 0.083333
0 0.833203 0.306944 0.024219 0.058333
0 0.804688 0.301389 0.018750 0.055556
