0 0.208203 0.833333 0.047656 0.202778
0 0.291016 0.750694 0.036719 0.165278
0 0.253516 0.877083 0.036719 0.126389
0 0.257031 0.944444 0.048438 0.111111
0 0.355469 0.764583 0.034375 0.154167
0 0.339453 0.702778 0.028906 0.125000
0 0.301172 0.648611 0.030469 0.097222
0 0.387891 0.656250 0.027344 0.120833
0 0.353516 0.633333 0.030469 0.108333
0 0.345703 0.570139 0.025781 0.093056
0 0.381641 0.581250 0.021094 0.087500
0 0.412500 0.590278 0.021875 0.097222
0 0.423047 0.544444 0.017969 0.080556
0 0.442578 0.504861 0.017969 0.084722
0 0.412500 0.514583 0.017188 0.081944
0 0.395313 0.534722 0.015625 0.088889
0 0.379688 0.513889 0.015625 0.075000
0 0.391406 0.470139 0.017188 0.054167
1 0.846094 0.650000 0.107813 0.175000
1 0.750781 0.412500 0.051562 0.069444
