1 0.434766 0.846528 0.141406 0.306944
1 0.594531 0.637500 0.101562 0.200000
1 0.480078 0.490278 0.066406 0.125000
1 0.766016 0.570833 0.097656 0.141667
1 0.687500 0.358333 0.040625 0.063889
1 0.630859 0.346528 0.038281 0.056944
1 0.556250 0.365278 0.037500 0.058333
1 0.646875 0.308333 0.032813 0.038889
0 0.173047 0.911111 0.053906 0.177778
0 0.197266 0.781944 0.041406 0.122222
0 0.253906 0.861806 0.053125 0.193056
0 0.305078 0.729167 0.033594 0.141667
0 0.280469 0.631250 0.026562 0.115278
0 0.253516 0.735417 0.030469 0.118056
0 0.345703 0.661111 0.030469 0.119444
0 0.333594 0.613889 0.025000 0.094444
0 0.334766 0.546528 0.024219 0.079167
0 0.920703 0.531250 0.032031 0.081944
0 0.870703 0.498611 0.024219 0.066667
0 0.894141 0.484722 0.021094 0.066667
0 0.800781 0.420833 0.021875 0.058333
