0 0.320703 0.885417 0.042969 0.190278
0 0.283984 0.807639 0.041406 0.176389
0 0.307031 0.646528 0.028125 0.118056
0 0.363672 0.660417 0.027344 0.120833
0 0.348438 0.613889 0.023438 0.108333
0 0.416406 0.586111 0.018750 0.113889
0 0.382422 0.575694 0.022656 0.101389
0 0.369141 0.525000 0.017969 0.088889
0 0.448828 0.486111 0.014844 0.077778
0 0.395703 0.463889 0.014844 0.058333
0 0.411328 0.480556 0.016406 0.077778
0 0.431250 0.539583 0.020313 0.093056
0 0.398828 0.513194 0.014844 0.070833
1 0.503516 0.627778 0.071094 0.155556
1 0.740234 0.493056 0.072656 0.100000
