0 0.204297 0.920833 0.057031 0.158333
0 0.276562 0.945833 0.046875 0.108333
0 0.323828 0.862500 0.035156 0.186111
0 0.281250 0.839583 0.042188 0.168056
0 0.257812 0.772917 0.035937 0.156944
0 0.285156 0.683333 0.031250 0.127778
0 0.358984 0.750694 0.032031 0.154167
0 0.331250 0.652083 0.032813 0.120833
0 0.388672 0.612500 0.025781 0.127778
0 0.373437 0.586806 0.020313 0.109722
0 0.366797 0.537500 0.022656 0.091667
0 0.412500 0.572222 0.026562 0.100000
0 0.446094 0.502083 0.018750 0.073611
0 0.423828 0.498611 0.021094 0.077778
1 0.658594 0.330556 0.042188 0.072222
