0 0.933984 0.558333 0.032031 0.086111
0 0.890625 0.481944 0.020313 0.069444
0 0.850000 0.472222 0.023438 0.072222
0 0.832422 0.420833 0.016406 0.047222
0 0.804688 0.413889 0.018750 0.050000
0 0.207813 0.879861 0.054688 0.198611
0 0.319141 0.711806 0.028906 0.143056
0 0.283203 0.650694 0.027344 0.129167
0 0.366406 0.538889 0.025000 0.105556
0 0.358984 0.456944 0.016406 0.075000
0 0.401172 0.452778 0.014844 0.075000
0 0.386719 0.419444 0.015625 0.072222
0 0.426953 0.418056 0.014844 0.066667
0 0.414844 0.387500 0.014063 0.055556
3 0.584766 0.565972 0.094531 0.304167
1 0.491016 0.431250 0.047656 0.098611
1 0.416016 0.874306 0.146094 0.251389
1 0.847266 0.572222 0.096094 0.119444
1 0.689453 0.357639 0.041406 0.051389
1 0.626953 0.323611 0.028906 0.052778
1 0.510156 0.327778 0.032813 0.066667
1 0.544922 0.310417 0.027344 0.059722
