1 0.597266 0.672917 0.086719 0.187500
1 0.575391 0.507639 0.063281 0.112500
1 0.553906 0.343056 0.040625 0.077778
1 0.497266 0.370139 0.038281 0.076389
1 0.627344 0.301389 0.029687 0.050000
3 0.466406 0.479861 0.073438 0.198611
0 0.248438 0.917361 0.056250 0.165278
0 0.216406 0.825694 0.043750 0.181944
0 0.297656 0.758333 0.037500 0.166667
0 0.262891 0.689583 0.036719 0.143056
0 0.202734 0.739583 0.032031 0.148611
0 0.341016 0.649306 0.027344 0.134722
0 0.296875 0.616667 0.028125 0.122222
0 0.383984 0.543056 0.024219 0.111111
0 0.325000 0.502083 0.018750 0.101389
0 0.342578 0.539583 0.024219 0.101389
0 0.363281 0.583333 0.023438 0.105556
0 0.366016 0.501389 0.017969 0.069444
0 0.408203 0.497917 0.021094 0.104167
