0 0.185547 0.918750 0.061719 0.162500
0 0.083984 0.952083 0.072656 0.095833
0 0.226953 0.732639 0.038281 0.162500
0 0.307812 0.715972 0.039062 0.148611
0 0.323437 0.573611 0.029687 0.113889
0 0.372266 0.592361 0.033594 0.118056
0 0.395703 0.502778 0.022656 0.080556
0 0.351172 0.503472 0.022656 0.090278
0 0.371875 0.493750 0.015625 0.081944
0 0.902734 0.515972 0.027344 0.079167
0 0.852344 0.464583 0.020313 0.070833
0 0.890234 0.478472 0.021094 0.070833
0 0.825000 0.431250 0.020313 0.065278
1 0.469531 0.607639 0.078125 0.173611
1 0.577344 0.471528 0.054688 0.112500
1 0.497266 0.420833 0.042969 0.094444
1 0.507812 0.343750 0.037500 0.070833
1 0.566406 0.344444 0.034375 0.075000
1 0.691016 0.405556 0.063281 0.113889
1 0.645312 0.321528 0.039062 0.070833
1 0.614453 0.278472 0.019531 0.043056
