0 0.174219 0.931944 0.053125 0.136111
0 0.257812 0.921528 0.051562 0.156944
0 0.205859 0.795139 0.044531 0.168056
0 0.282422 0.740972 0.038281 0.162500
0 0.342969 0.701389 0.037500 0.158333
0 0.282813 0.627083 0.045312 0.104167
0 0.384375 0.588194 0.031250 0.109722
0 0.341406 0.613194 0.032813 0.106944
0 0.371875 0.525000 0.021875 0.100000
0 0.970313 0.593750 0.035937 0.104167
0 0.912109 0.509028 0.022656 0.079167
0 0.901563 0.471528 0.020313 0.059722
1 0.484375 0.532639 0.059375 0.118056
1 0.586719 0.481250 0.054688 0.093056
1 0.504687 0.372917 0.034375 0.076389
1 0.561719 0.325000 0.034375 0.047222
1 0.512109 0.320139 0.028906 0.051389
1 0.735938 0.489583 0.089063 0.140278
1 0.942578 0.883333 0.114844 0.233333
1 0.651953 0.349306 0.036719 0.059722
1 0.689453 0.338194 0.036719 0.043056
1 0.657031 0.299306 0.026562 0.034722
1 0.617188 0.284028 0.025000 0.051389
