1 0.570312 0.489583 0.070312 0.123611
1 0.421484 0.733333 0.130469 0.319444
1 0.610938 0.690972 0.114062 0.270833
1 0.469531 0.413194 0.068750 0.170833
1 0.551953 0.288889 0.036719 0.072222
1 0.792578 0.563889 0.113281 0.144444
1 0.794922 0.411806 0.067969 0.087500
1 0.694141 0.278472 0.046094 0.056944
1 0.621875 0.218750 0.037500 0.065278
0 0.294141 0.673611 0.035156 0.150000
0 0.233984 0.888889 0.044531 0.205556
0 0.166797 0.900000 0.049219 0.197222
0 0.365625 0.479861 0.017188 0.098611
0 0.776172 0.307639 0.013281 0.056944
0 0.735156 0.242361 0.009375 0.037500
1 0.612500 0.145139 0.014063 0.023611
0 0.949609 0.504167 0.032031 0.086111
0 0.887500 0.420833 0.021875 0.072222
0 0.233594 0.709028 0.034375 0.154167
0 0.406250 0.384722 0.017188 0.075000
0 0.308984 0.472222 0.021094 0.097222
0 0.441016 0.262500 0.010156 0.047222
0 0.458984 0.211806 0.008594 0.031944
