0 0.219141 0.904167 0.053906 0.191667
0 0.290625 0.765972 0.042188 0.212500
0 0.201563 0.802083 0.050000 0.187500
0 0.223828 0.675000 0.036719 0.130556
0 0.336719 0.564583 0.034375 0.137500
0 0.336719 0.463194 0.021875 0.098611
0 0.396875 0.466667 0.023438 0.088889
0 0.416797 0.371528 0.022656 0.070833
0 0.394531 0.427083 0.023438 0.079167
0 0.437891 0.362500 0.014844 0.075000
0 0.402344 0.339583 0.015625 0.065278
0 0.987500 0.475000 0.025000 0.069444
0 0.941016 0.471528 0.024219 0.070833
0 0.940625 0.425694 0.023438 0.062500
0 0.889844 0.418750 0.020313 0.073611
0 0.900781 0.381944 0.018750 0.063889
0 0.869922 0.378472 0.017969 0.079167
0 0.835547 0.354167 0.017969 0.058333
0 0.855078 0.340972 0.016406 0.062500
1 0.491016 0.458333 0.066406 0.150000
1 0.577344 0.348611 0.045312 0.086111
1 0.512109 0.293750 0.044531 0.129167
1 0.855078 0.475694 0.094531 0.120833
1 0.746875 0.449306 0.076563 0.109722
1 0.754297 0.335417 0.055469 0.070833
1 0.716016 0.288889 0.036719 0.055556
1 0.694141 0.241667 0.036719 0.050000
1 0.628516 0.202083 0.027344 0.048611
