0 0.273828 0.840972 0.058594 0.231944
0 0.272266 0.663889 0.035156 0.158333
0 0.342578 0.595833 0.036719 0.144444
0 0.337109 0.490278 0.024219 0.094444
0 0.363281 0.423611 0.021875 0.097222
0 0.396484 0.471528 0.024219 0.101389
0 0.436328 0.374306 0.019531 0.087500
0 0.404297 0.410417 0.021094 0.079167
0 0.935547 0.404167 0.030469 0.080556
0 0.858984 0.351389 0.022656 0.063889
0 0.894922 0.384722 0.022656 0.086111
1 0.854297 0.450000 0.082031 0.100000
1 0.753125 0.418750 0.087500 0.140278
1 0.619531 0.711111 0.098437 0.233333
1 0.502344 0.462500 0.073438 0.130556
1 0.597266 0.393750 0.057031 0.126389
1 0.517578 0.320833 0.052344 0.088889
1 0.526953 0.250694 0.041406 0.054167
1 0.703516 0.318056 0.053906 0.075000
1 0.737500 0.277778 0.048438 0.072222
1 0.657813 0.227778 0.042188 0.069444
1 0.567969 0.194444 0.028125 0.041667
