1 0.441406 0.799306 0.123438 0.290278
1 0.494531 0.444444 0.062500 0.158333
1 0.589844 0.422917 0.062500 0.151389
1 0.570312 0.257639 0.039062 0.093056
1 0.525391 0.200000 0.035156 0.041667
1 0.691406 0.302778 0.050000 0.066667
1 0.908594 0.552083 0.114062 0.131944
0 0.280078 0.610417 0.041406 0.151389
0 0.350781 0.529861 0.039062 0.143056
0 0.402344 0.416667 0.031250 0.088889
0 0.852344 0.357639 0.020313 0.062500
0 0.803906 0.287500 0.021875 0.063889
0 0.828125 0.315972 0.018750 0.070833
0 0.894531 0.353472 0.026562 0.068056
1 0.651172 0.174306 0.024219 0.043056
