0 0.221094 0.939583 0.062500 0.120833
0 0.280469 0.805556 0.056250 0.197222
0 0.224219 0.795139 0.046875 0.187500
0 0.246484 0.656250 0.044531 0.151389
0 0.345313 0.573611 0.028125 0.125000
0 0.319922 0.509722 0.021094 0.113889
0 0.369141 0.500000 0.022656 0.097222
0 0.379297 0.434028 0.022656 0.068056
0 0.411719 0.402778 0.021875 0.094444
0 0.388672 0.365278 0.021094 0.072222
0 0.440625 0.345139 0.017188 0.054167
0 0.416406 0.306944 0.020313 0.052778
0 0.417187 0.361806 0.018750 0.054167
0 0.980469 0.463889 0.031250 0.088889
0 0.936719 0.475000 0.026562 0.077778
0 0.922266 0.431944 0.025781 0.075000
0 0.874609 0.399306 0.019531 0.070833
0 0.845313 0.375000 0.018750 0.072222
1 0.453906 0.782639 0.100000 0.276389
1 0.867578 0.663194 0.139844 0.181944
1 0.853125 0.475694 0.096875 0.123611
1 0.760547 0.340278 0.052344 0.072222
1 0.650391 0.240972 0.041406 0.059722
1 0.592187 0.393750 0.062500 0.123611
1 0.505469 0.355556 0.051562 0.094444
1 0.519922 0.264583 0.032031 0.073611
1 0.567969 0.247222 0.035937 0.072222
1 0.526563 0.184028 0.023438 0.043056
1 0.624219 0.202083 0.029687 0.048611
