1 0.811719 0.406250 0.070312 0.090278
1 0.718750 0.379167 0.059375 0.094444
1 0.743359 0.309028 0.053906 0.070833
1 0.703516 0.261111 0.032031 0.055556
1 0.671875 0.220833 0.026562 0.044444
0 0.151953 0.845139 0.039844 0.190278
0 0.192578 0.896528 0.050781 0.176389
0 0.257422 0.909028 0.046094 0.181944
0 0.287891 0.752083 0.036719 0.168056
0 0.271484 0.646528 0.028906 0.129167
0 0.313672 0.598611 0.025781 0.125000
0 0.350781 0.609028 0.026562 0.129167
0 0.386719 0.587500 0.023438 0.122222
0 0.363281 0.527083 0.023438 0.095833
0 0.337109 0.503472 0.024219 0.098611
0 0.374609 0.472917 0.024219 0.081944
0 0.418750 0.487500 0.018750 0.100000
0 0.396875 0.443750 0.018750 0.079167
0 0.379688 0.405556 0.018750 0.072222
0 0.442578 0.409722 0.019531 0.077778
0 0.412891 0.402778 0.016406 0.083333
0 0.406250 0.350000 0.017188 0.063889
0 0.960156 0.482639 0.035937 0.112500
0 0.983594 0.453472 0.023438 0.084722
0 0.928516 0.413889 0.021094 0.077778
0 0.885938 0.372222 0.025000 0.069444
0 0.854297 0.365972 0.017969 0.065278
0 0.832812 0.350694 0.015625 0.068056
