0 0.176563 0.771528 0.042188 0.181944
0 0.221875 0.800694 0.046875 0.165278
0 0.289844 0.790972 0.045312 0.170833
0 0.289844 0.677083 0.040625 0.134722
0 0.274219 0.560417 0.032813 0.129167
0 0.307031 0.586806 0.032813 0.120833
0 0.361328 0.562500 0.032031 0.125000
0 0.333203 0.495139 0.025781 0.109722
0 0.393750 0.484722 0.025000 0.105556
0 0.368359 0.466667 0.025781 0.088889
0 0.358594 0.384028 0.014063 0.068056
0 0.417969 0.384028 0.015625 0.079167
0 0.432812 0.356250 0.018750 0.073611
0 0.397266 0.366667 0.016406 0.072222
0 0.381641 0.354861 0.017969 0.065278
0 0.832031 0.347222 0.018750 0.061111
0 0.860547 0.358333 0.021094 0.061111
0 0.896094 0.412500 0.023438 0.072222
0 0.973437 0.490278 0.034375 0.083333
1 0.725781 0.405556 0.071875 0.116667
1 0.711719 0.284722 0.051562 0.066667
1 0.482812 0.527083 0.067187 0.143056
1 0.592969 0.511111 0.081250 0.177778
1 0.495703 0.374306 0.055469 0.106944
1 0.572266 0.380556 0.061719 0.102778
1 0.508203 0.285417 0.036719 0.065278
1 0.562109 0.246528 0.032031 0.065278
1 0.674219 0.236806 0.037500 0.048611
1 0.621484 0.199306 0.030469 0.043056
1 0.657031 0.208333 0.028125 0.041667
