0 0.146094 0.725694 0.064062 0.226389
0 0.267188 0.721528 0.057813 0.215278
0 0.224609 0.624306 0.047656 0.198611
0 0.242969 0.495833 0.045312 0.116667
0 0.308594 0.562500 0.045312 0.166667
0 0.296875 0.366667 0.029687 0.088889
0 0.348047 0.468056 0.032031 0.136111
0 0.374609 0.390972 0.025781 0.106944
0 0.343750 0.378472 0.028125 0.079167
0 0.341016 0.310417 0.022656 0.059722
0 0.369922 0.255556 0.024219 0.083333
0 0.391406 0.332639 0.026562 0.104167
0 0.408203 0.298611 0.021094 0.077778
1 0.775391 0.377778 0.097656 0.122222
1 0.788672 0.265278 0.072656 0.094444
1 0.718750 0.169444 0.048438 0.058333
1 0.652344 0.143056 0.040625 0.063889
1 0.680469 0.110417 0.039062 0.048611
