1 0.576172 0.428472 0.058594 0.120833
1 0.801953 0.578472 0.097656 0.148611
1 0.612891 0.832639 0.144531 0.334722
1 0.419141 0.841667 0.136719 0.313889
1 0.507031 0.375694 0.057813 0.115278
1 0.800000 0.419444 0.085938 0.102778
1 0.510547 0.295139 0.041406 0.073611
1 0.635547 0.246528 0.030469 0.045833
1 0.624609 0.206944 0.022656 0.041667
1 0.610938 0.187500 0.023438 0.033333
1 0.513281 0.238889 0.031250 0.052778
1 0.555859 0.193056 0.025781 0.036111
0 0.124609 0.938194 0.060156 0.123611
0 0.187109 0.754861 0.044531 0.184722
0 0.240625 0.791667 0.051562 0.208333
0 0.298047 0.769444 0.033594 0.188889
0 0.299609 0.650694 0.038281 0.129167
0 0.248047 0.618056 0.041406 0.150000
0 0.316406 0.532639 0.025000 0.095833
0 0.317969 0.461111 0.025000 0.091667
0 0.352734 0.500694 0.019531 0.093056
0 0.398828 0.452083 0.024219 0.090278
0 0.348047 0.416667 0.019531 0.069444
0 0.366406 0.432639 0.018750 0.076389
0 0.374219 0.363889 0.017188 0.063889
0 0.435156 0.354167 0.015625 0.061111
0 0.973437 0.526389 0.034375 0.097222
0 0.939063 0.476389 0.023438 0.075000
0 0.923438 0.419444 0.039062 0.091667
0 0.874219 0.420139 0.023438 0.068056
0 0.855859 0.390972 0.017969 0.079167
0 0.817578 0.346528 0.017969 0.062500
