1 0.653906 0.882639 0.162500 0.234722
1 0.923828 0.523611 0.152344 0.205556
1 0.450781 0.597222 0.103125 0.219444
1 0.571875 0.420139 0.067187 0.137500
1 0.477344 0.361806 0.054688 0.106944
1 0.492188 0.257639 0.039062 0.068056
3 0.555469 0.261806 0.051562 0.151389
1 0.621875 0.200000 0.029687 0.055556
1 0.645312 0.184028 0.025000 0.045833
1 0.680078 0.227778 0.041406 0.058333
0 0.116797 0.909028 0.058594 0.181944
0 0.233594 0.790278 0.050000 0.205556
0 0.282422 0.700000 0.042969 0.169444
0 0.239063 0.643056 0.040625 0.138889
0 0.273828 0.565278 0.033594 0.141667
0 0.334375 0.550000 0.034375 0.133333
0 0.361719 0.446528 0.026562 0.098611
0 0.332422 0.441667 0.022656 0.094444
0 0.316016 0.422222 0.021094 0.097222
0 0.296484 0.493750 0.024219 0.106944
0 0.344922 0.382639 0.016406 0.081944
0 0.371875 0.372222 0.020313 0.083333
0 0.401953 0.370139 0.022656 0.090278
0 0.417578 0.334028 0.017969 0.070833
0 0.876563 0.351389 0.026562 0.075000
0 0.819531 0.318750 0.023438 0.062500
0 0.781250 0.286806 0.021875 0.054167
