0 0.162500 0.866667 0.053125 0.197222
0 0.266016 0.844444 0.047656 0.188889
0 0.250000 0.723611 0.045312 0.163889
0 0.322656 0.729861 0.060937 0.151389
0 0.345313 0.565972 0.031250 0.120833
0 0.380078 0.580556 0.027344 0.105556
0 0.370312 0.477778 0.021875 0.088889
0 0.407031 0.465972 0.018750 0.079167
0 0.380078 0.431250 0.022656 0.073611
0 0.953125 0.540972 0.026562 0.090278
0 0.891797 0.476389 0.025781 0.069444
0 0.915234 0.539583 0.025781 0.093056
0 0.983203 0.612500 0.033594 0.111111
0 0.793750 0.400694 0.017188 0.059722
1 0.495703 0.490278 0.058594 0.133333
1 0.569141 0.428472 0.050781 0.098611
1 0.512891 0.379167 0.036719 0.077778
1 0.551562 0.337500 0.031250 0.055556
1 0.783984 0.615972 0.102344 0.126389
1 0.822656 0.522917 0.092188 0.095833
1 0.694922 0.358333 0.038281 0.055556
1 0.649609 0.293056 0.025781 0.047222
