1 0.471484 0.546528 0.086719 0.284722
1 0.622266 0.735417 0.117969 0.268056
1 0.830859 0.570833 0.122656 0.175000
1 0.729688 0.401389 0.073438 0.127778
1 0.565625 0.361806 0.043750 0.095833
1 0.510156 0.263194 0.034375 0.079167
1 0.564453 0.274306 0.044531 0.073611
1 0.555469 0.220833 0.029687 0.061111
1 0.526563 0.185417 0.023438 0.045833
1 0.556250 0.173611 0.020313 0.038889
1 0.636328 0.176389 0.019531 0.033333
0 0.174609 0.867361 0.052344 0.204167
0 0.233594 0.893056 0.046875 0.213889
0 0.294531 0.699306 0.032813 0.173611
0 0.214453 0.712500 0.044531 0.163889
0 0.238281 0.616667 0.031250 0.113889
0 0.317188 0.572222 0.023438 0.133333
0 0.355859 0.570833 0.027344 0.130556
0 0.320703 0.479167 0.027344 0.091667
0 0.347656 0.417361 0.018750 0.081944
0 0.365234 0.386111 0.016406 0.075000
0 0.394922 0.386806 0.016406 0.084722
0 0.410156 0.408333 0.017188 0.077778
0 0.392188 0.322222 0.017188 0.061111
0 0.427734 0.362500 0.017969 0.066667
