0 0.130859 0.936111 0.057031 0.127778
0 0.182031 0.831250 0.037500 0.204167
0 0.265234 0.825694 0.046094 0.184722
0 0.187891 0.720139 0.046094 0.101389
0 0.256250 0.709722 0.039062 0.144444
0 0.237109 0.683333 0.027344 0.163889
0 0.276172 0.579861 0.032031 0.126389
0 0.320703 0.673611 0.035156 0.136111
0 0.332031 0.540278 0.026562 0.105556
0 0.379297 0.520139 0.019531 0.098611
0 0.368359 0.488194 0.017969 0.087500
0 0.400000 0.459722 0.017188 0.086111
0 0.415625 0.414583 0.020313 0.073611
0 0.356250 0.421528 0.018750 0.068056
0 0.384375 0.397917 0.018750 0.070833
0 0.974609 0.521528 0.032031 0.093056
0 0.820703 0.364583 0.019531 0.054167
0 0.798438 0.361806 0.017188 0.054167
0 0.771875 0.331944 0.014063 0.047222
1 0.442969 0.749306 0.114062 0.326389
1 0.583594 0.509722 0.082812 0.233333
1 0.491406 0.406250 0.048438 0.109722
1 0.564063 0.329861 0.046875 0.076389
1 0.500000 0.332639 0.039062 0.079167
1 0.507422 0.273611 0.025781 0.066667
1 0.553125 0.277778 0.029687 0.047222
1 0.657031 0.264583 0.023438 0.054167
1 0.696094 0.323611 0.043750 0.080556
1 0.777734 0.414583 0.077344 0.095833
1 0.715234 0.457639 0.060156 0.112500
1 0.838281 0.518750 0.098437 0.106944
1 0.829297 0.650694 0.127344 0.179167
