0 0.220703 0.927778 0.052344 0.144444
0 0.179688 0.838194 0.042188 0.173611
0 0.245703 0.786806 0.041406 0.165278
0 0.306641 0.780556 0.033594 0.177778
0 0.264453 0.643056 0.038281 0.122222
0 0.317578 0.651389 0.035156 0.125000
0 0.367188 0.622917 0.026562 0.123611
0 0.344141 0.532639 0.024219 0.101389
0 0.387109 0.534722 0.025781 0.100000
0 0.359375 0.474306 0.023438 0.081944
0 0.936719 0.540972 0.026562 0.081944
0 0.887109 0.506944 0.032031 0.088889
0 0.964063 0.534722 0.021875 0.097222
0 0.862891 0.456944 0.021094 0.069444
0 0.815234 0.401389 0.021094 0.066667
1 0.578906 0.513194 0.062500 0.137500
1 0.566406 0.403472 0.046875 0.093056
1 0.785156 0.613889 0.104688 0.144444
1 0.885156 0.615972 0.101562 0.154167
1 0.775391 0.457639 0.071094 0.095833
1 0.669531 0.390972 0.048438 0.073611
1 0.689453 0.338194 0.042969 0.048611
1 0.628125 0.302083 0.035937 0.040278
1 0.558594 0.326389 0.037500 0.058333
3 0.507812 0.341667 0.046875 0.130556
