0 0.128516 0.872222 0.052344 0.211111
0 0.199219 0.793056 0.043750 0.116667
0 0.214062 0.939583 0.054688 0.120833
0 0.286328 0.736806 0.038281 0.162500
0 0.199609 0.725694 0.032031 0.104167
0 0.239844 0.631250 0.031250 0.115278
0 0.275391 0.627778 0.028906 0.119444
0 0.327344 0.625694 0.029687 0.120833
0 0.353125 0.565972 0.025000 0.101389
0 0.280469 0.545833 0.026562 0.086111
0 0.302344 0.508333 0.023438 0.094444
0 0.331641 0.529861 0.021094 0.081944
0 0.313672 0.588194 0.019531 0.104167
0 0.380469 0.474306 0.021875 0.081944
0 0.946484 0.592361 0.042969 0.112500
0 0.901953 0.526389 0.035156 0.097222
0 0.825000 0.461111 0.032813 0.072222
0 0.785156 0.424306 0.015625 0.056944
1 0.693750 0.514583 0.070312 0.106944
1 0.692578 0.386806 0.063281 0.098611
1 0.611328 0.302083 0.030469 0.043056
