1 0.797656 0.470139 0.112500 0.176389
1 0.798047 0.369444 0.055469 0.075000
1 0.675781 0.280556 0.039062 0.063889
1 0.718359 0.270833 0.042969 0.072222
1 0.669922 0.212500 0.028906 0.047222
0 0.157031 0.865972 0.085938 0.268056
0 0.250781 0.865972 0.042188 0.176389
0 0.253125 0.756944 0.035937 0.144444
0 0.325000 0.684722 0.032813 0.144444
0 0.292187 0.663889 0.031250 0.138889
0 0.355859 0.622222 0.027344 0.138889
0 0.308594 0.561111 0.029687 0.105556
0 0.383203 0.561111 0.028906 0.105556
0 0.333594 0.488194 0.021875 0.098611
0 0.366016 0.486111 0.027344 0.097222
0 0.395313 0.428472 0.017188 0.095833
0 0.415234 0.404167 0.016406 0.077778
0 0.431641 0.381944 0.014844 0.075000
0 0.967187 0.487500 0.029687 0.091667
0 0.929297 0.446528 0.017969 0.090278
0 0.940625 0.414583 0.017188 0.073611
0 0.913281 0.406944 0.020313 0.088889
0 0.878125 0.402778 0.018750 0.083333
0 0.833984 0.355556 0.017969 0.069444
0 0.453906 0.272222 0.018750 0.044444
