1 0.596484 0.557639 0.089844 0.181944
0 0.249609 0.622222 0.042969 0.130556
0 0.155078 0.833333 0.047656 0.194444
0 0.388672 0.409028 0.024219 0.084722
0 0.398047 0.344444 0.016406 0.072222
0 0.446094 0.230556 0.014063 0.050000
1 0.510156 0.254167 0.031250 0.075000
1 0.653516 0.254167 0.035156 0.052778
1 0.811719 0.403472 0.070312 0.087500
1 0.740234 0.309722 0.052344 0.080556
1 0.688281 0.247917 0.035937 0.048611
1 0.635938 0.201389 0.029687 0.063889
1 0.522266 0.148611 0.021094 0.036111
0 0.880859 0.402083 0.024219 0.062500
0 0.775391 0.247917 0.014844 0.045833
0 0.481641 0.186806 0.013281 0.037500
0 0.908984 0.385417 0.022656 0.065278
