1 0.668750 0.732639 0.128125 0.301389
1 0.526172 0.479167 0.069531 0.130556
1 0.588281 0.215278 0.032813 0.069444
1 0.539844 0.250694 0.034375 0.056944
1 0.549219 0.159028 0.028125 0.048611
0 0.394922 0.493750 0.032031 0.109722
0 0.314453 0.629861 0.035156 0.134722
0 0.169531 0.875694 0.064062 0.204167
0 0.432422 0.378472 0.017969 0.076389
0 0.390625 0.393750 0.023438 0.087500
0 0.473828 0.317361 0.013281 0.073611
1 0.823828 0.376389 0.078906 0.097222
1 0.742969 0.254861 0.054688 0.081944
1 0.703125 0.215972 0.028125 0.068056
1 0.660547 0.141667 0.024219 0.038889
0 0.901172 0.374306 0.017969 0.084722
0 0.945703 0.380556 0.028906 0.075000
0 0.815234 0.284722 0.016406 0.055556
1 0.952734 0.543056 0.094531 0.225000
