0 0.341016 0.582639 0.033594 0.154167
0 0.239063 0.720833 0.051562 0.180556
0 0.412891 0.361806 0.027344 0.081944
0 0.451172 0.363889 0.022656 0.094444
0 0.484375 0.277778 0.018750 0.055556
0 0.462109 0.284028 0.025781 0.076389
0 0.491016 0.213889 0.013281 0.050000
1 0.512891 0.538889 0.089844 0.208333
1 0.621484 0.418750 0.064844 0.148611
1 0.545312 0.225694 0.035937 0.104167
1 0.581641 0.152778 0.022656 0.038889
1 0.953906 0.558333 0.092188 0.152778
1 0.751563 0.256250 0.067187 0.095833
0 0.908203 0.343056 0.033594 0.075000
0 0.863672 0.331250 0.033594 0.079167
0 0.829688 0.284028 0.026562 0.081944
1 0.681250 0.175000 0.035937 0.052778
1 0.708984 0.220139 0.042969 0.059722
