0 0.252344 0.908333 0.045312 0.175000
0 0.201953 0.846528 0.046094 0.212500
0 0.125781 0.916667 0.059375 0.166667
0 0.267578 0.738889 0.033594 0.163889
0 0.306250 0.775694 0.040625 0.181944
0 0.348047 0.666667 0.025781 0.127778
0 0.304297 0.575000 0.030469 0.102778
0 0.280469 0.654861 0.034375 0.090278
0 0.384375 0.579167 0.025000 0.102778
0 0.342969 0.557639 0.028125 0.093056
0 0.361328 0.481250 0.025781 0.081944
0 0.404687 0.505556 0.021875 0.086111
0 0.914844 0.504167 0.020313 0.069444
0 0.975391 0.590972 0.038281 0.101389
0 0.874219 0.488889 0.020313 0.063889
1 0.603125 0.750000 0.096875 0.269444
1 0.583594 0.446528 0.051562 0.115278
1 0.655469 0.347222 0.042188 0.069444
1 0.545312 0.343056 0.034375 0.083333
