0 0.177344 0.907639 0.053125 0.184722
0 0.157031 0.810417 0.059375 0.223611
0 0.225781 0.712500 0.037500 0.183333
0 0.266016 0.770833 0.039844 0.169444
0 0.284375 0.672917 0.028125 0.131944
0 0.327734 0.695139 0.038281 0.173611
0 0.277344 0.594444 0.029687 0.125000
0 0.321094 0.590278 0.034375 0.111111
0 0.371484 0.550694 0.028906 0.118056
0 0.338672 0.546528 0.025781 0.104167
0 0.299219 0.500694 0.017188 0.081944
0 0.310937 0.534028 0.021875 0.093056
0 0.348828 0.475694 0.021094 0.079167
0 0.387891 0.483333 0.021094 0.086111
0 0.411719 0.433333 0.018750 0.091667
0 0.955859 0.479167 0.033594 0.091667
0 0.854688 0.415972 0.026562 0.073611
0 0.894141 0.436111 0.030469 0.077778
1 0.598047 0.586111 0.082031 0.208333
1 0.805469 0.440972 0.079687 0.095833
1 0.655078 0.252778 0.039844 0.050000
