1 0.563672 0.618750 0.092969 0.193056
1 0.436719 0.590278 0.078125 0.169444
1 0.469141 0.451389 0.050781 0.102778
1 0.473438 0.359028 0.037500 0.081944
1 0.645312 0.400694 0.051562 0.065278
1 0.710938 0.385417 0.067187 0.106944
1 0.641016 0.311806 0.032031 0.045833
1 0.595703 0.302778 0.035156 0.052778
0 0.175000 0.929167 0.050000 0.141667
0 0.174219 0.818056 0.039062 0.169444
0 0.235937 0.904167 0.056250 0.191667
0 0.292187 0.772917 0.035937 0.156944
0 0.239844 0.770833 0.037500 0.141667
0 0.240234 0.652778 0.030469 0.116667
0 0.301563 0.659722 0.028125 0.113889
0 0.268750 0.594444 0.029687 0.108333
0 0.350391 0.560417 0.027344 0.106944
0 0.310937 0.579167 0.031250 0.105556
0 0.300000 0.535417 0.023438 0.101389
0 0.335547 0.525694 0.019531 0.095833
0 0.371875 0.493750 0.023438 0.093056
0 0.391016 0.455556 0.019531 0.075000
0 0.355078 0.458333 0.017969 0.080556
0 0.330078 0.456250 0.019531 0.065278
0 0.953125 0.573611 0.037500 0.105556
0 0.888672 0.518750 0.032031 0.090278
0 0.853125 0.472222 0.031250 0.080556
0 0.821094 0.445833 0.026562 0.075000
0 0.799609 0.412500 0.024219 0.058333
0 0.779297 0.382639 0.017969 0.068056
