0 0.176953 0.902778 0.055469 0.194444
0 0.123047 0.895139 0.060156 0.209722
0 0.401172 0.327778 0.022656 0.075000
0 0.415625 0.364583 0.020313 0.073611
0 0.457031 0.275694 0.018750 0.059722
0 0.906250 0.391667 0.025000 0.083333
0 0.928906 0.453472 0.026562 0.087500
0 0.842969 0.350694 0.023438 0.068056
0 0.808984 0.318056 0.019531 0.052778
1 0.841016 0.609028 0.125781 0.156944
1 0.759375 0.352778 0.062500 0.083333
1 0.673438 0.303472 0.048438 0.084722
1 0.628906 0.204861 0.034375 0.040278
0 0.440625 0.241667 0.017188 0.061111
