0 0.160547 0.913194 0.061719 0.173611
0 0.203906 0.727778 0.045312 0.197222
0 0.252734 0.731944 0.042969 0.191667
0 0.325391 0.630556 0.038281 0.150000
0 0.289453 0.528472 0.025781 0.118056
0 0.359375 0.533333 0.025000 0.127778
0 0.325391 0.520139 0.028906 0.118056
0 0.324219 0.450000 0.026562 0.086111
0 0.380859 0.446528 0.025781 0.098611
0 0.359375 0.403472 0.021875 0.095833
0 0.418750 0.371528 0.018750 0.087500
0 0.911719 0.422917 0.028125 0.084722
0 0.939063 0.419444 0.026562 0.080556
0 0.855078 0.359028 0.024219 0.076389
0 0.820703 0.324306 0.019531 0.054167
1 0.857422 0.622222 0.136719 0.175000
1 0.733594 0.382639 0.064062 0.090278
1 0.578125 0.338194 0.043750 0.081944
1 0.666406 0.262500 0.048438 0.075000
1 0.571484 0.249306 0.044531 0.095833
1 0.626563 0.186111 0.025000 0.038889
3 0.497266 0.271528 0.060156 0.190278
