0 0.317188 0.861111 0.046875 0.188889
0 0.240234 0.807639 0.046094 0.181944
0 0.300781 0.779167 0.035937 0.166667
0 0.368750 0.706250 0.032813 0.131944
0 0.354687 0.573611 0.028125 0.108333
0 0.401172 0.578472 0.019531 0.095833
0 0.432422 0.543056 0.022656 0.097222
0 0.389453 0.549306 0.021094 0.093056
1 0.451172 0.891667 0.117969 0.216667
1 0.651172 0.744444 0.103906 0.252778
1 0.510938 0.606250 0.073438 0.181944
1 0.525391 0.450000 0.057031 0.097222
1 0.605859 0.425694 0.055469 0.090278
1 0.542578 0.337500 0.036719 0.061111
1 0.709375 0.435417 0.051562 0.084722
1 0.805859 0.469444 0.067969 0.077778
1 0.804297 0.597222 0.108594 0.147222
1 0.935156 0.622917 0.129688 0.179167
1 0.659375 0.331250 0.039062 0.059722
