0 0.111328 0.911806 0.053906 0.176389
0 0.237109 0.834028 0.046094 0.204167
0 0.314063 0.753472 0.034375 0.173611
0 0.251563 0.728472 0.046875 0.170833
0 0.285938 0.600694 0.029687 0.151389
0 0.348438 0.645833 0.029687 0.130556
0 0.346484 0.486111 0.030469 0.100000
0 0.373828 0.488194 0.021094 0.112500
0 0.335156 0.598611 0.021875 0.133333
0 0.403516 0.467361 0.024219 0.090278
0 0.429688 0.434028 0.020313 0.081944
0 0.983594 0.534028 0.032813 0.106944
0 0.941797 0.478472 0.035156 0.095833
0 0.888672 0.461111 0.024219 0.083333
0 0.844531 0.416667 0.017188 0.077778
1 0.478516 0.625694 0.071094 0.173611
1 0.620313 0.864583 0.131250 0.270833
1 0.607031 0.575694 0.087500 0.156944
1 0.577344 0.377778 0.043750 0.075000
1 0.514062 0.340972 0.039062 0.065278
1 0.567578 0.302083 0.038281 0.054167
1 0.521094 0.283333 0.029687 0.069444
1 0.560937 0.256944 0.032813 0.055556
1 0.833594 0.517361 0.085938 0.109722
1 0.778516 0.436806 0.072656 0.076389
1 0.714844 0.352083 0.045312 0.068056
