0 0.223438 0.902083 0.051562 0.173611
0 0.207422 0.752083 0.038281 0.159722
0 0.275000 0.595139 0.025000 0.104167
0 0.362891 0.583333 0.028906 0.116667
0 0.295703 0.770833 0.035156 0.169444
0 0.249219 0.761111 0.040625 0.150000
0 0.322266 0.674306 0.036719 0.120833
0 0.305859 0.605556 0.025781 0.094444
0 0.315625 0.542361 0.021875 0.090278
1 0.616797 0.723611 0.103906 0.255556
1 0.857422 0.550694 0.111719 0.143056
1 0.737109 0.499306 0.099219 0.165278
1 0.565234 0.422917 0.050781 0.081944
1 0.638672 0.347917 0.047656 0.070833
3 0.460156 0.579167 0.114062 0.363889
0 0.397656 0.500694 0.015625 0.090278
0 0.375000 0.435417 0.018750 0.073611
