1 0.464844 0.660417 0.096875 0.259722
1 0.593359 0.544444 0.083594 0.188889
1 0.576562 0.335417 0.050000 0.098611
1 0.515234 0.291667 0.052344 0.127778
1 0.553906 0.248611 0.028125 0.061111
1 0.520312 0.205556 0.026562 0.050000
1 0.558984 0.198611 0.032031 0.036111
1 0.667578 0.228472 0.027344 0.068056
0 0.108594 0.939583 0.051562 0.120833
0 0.202734 0.934722 0.050781 0.130556
0 0.152344 0.796528 0.042188 0.165278
0 0.211328 0.777778 0.042969 0.161111
0 0.288672 0.734722 0.035156 0.175000
0 0.267969 0.622917 0.025000 0.129167
0 0.332422 0.611111 0.027344 0.130556
0 0.307422 0.529167 0.027344 0.111111
0 0.322266 0.453472 0.022656 0.084722
0 0.346875 0.455556 0.025000 0.083333
0 0.375781 0.536111 0.028125 0.113889
0 0.395703 0.455556 0.021094 0.097222
0 0.808203 0.313889 0.024219 0.052778
0 0.976953 0.486806 0.038281 0.090278
0 0.925781 0.472917 0.026562 0.101389
0 0.945312 0.436806 0.028125 0.084722
0 0.909766 0.432639 0.022656 0.076389
