0 0.105078 0.908333 0.039844 0.183333
0 0.153125 0.806250 0.050000 0.184722
0 0.221094 0.813889 0.046875 0.191667
0 0.275000 0.789583 0.035937 0.193056
0 0.235547 0.679167 0.030469 0.108333
0 0.316016 0.665972 0.032031 0.145833
0 0.278906 0.631944 0.028125 0.125000
0 0.280078 0.545139 0.022656 0.087500
0 0.310156 0.594444 0.021875 0.097222
0 0.346094 0.588889 0.025000 0.111111
0 0.324609 0.536111 0.024219 0.077778
0 0.308203 0.497222 0.022656 0.086111
0 0.344531 0.486806 0.017188 0.087500
0 0.362109 0.522917 0.019531 0.090278
0 0.911719 0.500694 0.029687 0.073611
0 0.955469 0.560417 0.032813 0.090278
0 0.811719 0.443750 0.031250 0.081944
0 0.778906 0.419444 0.020313 0.063889
1 0.740625 0.571528 0.100000 0.129167
1 0.933594 0.710417 0.132812 0.187500
1 0.724609 0.422917 0.066406 0.076389
1 0.640234 0.392361 0.057031 0.084722
1 0.444531 0.647917 0.082812 0.181944
1 0.452734 0.459028 0.055469 0.118056
1 0.619141 0.290972 0.036719 0.062500
