0 0.409766 0.425000 0.032031 0.100000
0 0.326562 0.636806 0.046875 0.156944
0 0.304688 0.556250 0.037500 0.109722
0 0.377344 0.415972 0.031250 0.106944
0 0.410938 0.334722 0.017188 0.072222
0 0.425781 0.281944 0.026562 0.061111
0 0.454297 0.259028 0.019531 0.073611
0 0.471875 0.236806 0.017188 0.051389
1 0.509766 0.341667 0.050781 0.100000
1 0.579688 0.321528 0.048438 0.093056
1 0.515234 0.256944 0.039844 0.055556
1 0.570312 0.227778 0.034375 0.072222
1 0.558203 0.174306 0.028906 0.040278
1 0.658594 0.196528 0.026562 0.062500
1 0.689453 0.220139 0.038281 0.051389
0 0.869531 0.370139 0.028125 0.079167
0 0.806250 0.286806 0.020313 0.079167
0 0.791797 0.267361 0.024219 0.062500
0 0.829688 0.328472 0.020313 0.068056
0 0.925781 0.434722 0.032813 0.102778
