0 0.115625 0.896528 0.050000 0.195833
0 0.209766 0.900000 0.047656 0.194444
0 0.237109 0.728472 0.036719 0.159722
0 0.151562 0.729861 0.048438 0.145833
0 0.223047 0.584028 0.038281 0.134722
0 0.290234 0.598611 0.032031 0.136111
0 0.294922 0.533333 0.022656 0.125000
0 0.317578 0.475694 0.021094 0.106944
0 0.353125 0.475694 0.015625 0.104167
0 0.374219 0.441667 0.018750 0.088889
0 0.293359 0.440278 0.017969 0.080556
0 0.325781 0.394444 0.015625 0.077778
0 0.403516 0.368056 0.014844 0.075000
0 0.354687 0.379861 0.017188 0.081944
0 0.964453 0.481944 0.033594 0.102778
0 0.904687 0.453472 0.021875 0.084722
0 0.860547 0.402083 0.027344 0.081944
0 0.907422 0.405556 0.030469 0.086111
0 0.787500 0.343056 0.015625 0.083333
0 0.806250 0.321528 0.017188 0.070833
0 0.838672 0.344444 0.021094 0.069444
1 0.737109 0.340972 0.052344 0.081944
1 0.676953 0.263889 0.039844 0.052778
1 0.619531 0.228472 0.031250 0.054167
1 0.630078 0.186111 0.022656 0.041667
3 0.496094 0.136806 0.028125 0.065278
