1 0.482812 0.587500 0.075000 0.169444
3 0.630078 0.629861 0.136719 0.370833
1 0.867188 0.622917 0.131250 0.170833
1 0.865234 0.457639 0.100781 0.123611
1 0.725000 0.361111 0.065625 0.094444
1 0.583594 0.319444 0.050000 0.105556
1 0.519531 0.285417 0.046875 0.079167
1 0.507031 0.400694 0.056250 0.112500
3 0.674219 0.183333 0.040625 0.069444
1 0.626953 0.145833 0.027344 0.050000
0 0.387109 0.505556 0.027344 0.108333
0 0.464062 0.276389 0.014063 0.061111
0 0.482031 0.218056 0.014063 0.044444
0 0.184375 0.870833 0.054688 0.227778
0 0.283203 0.773611 0.039844 0.186111
0 0.338672 0.635417 0.033594 0.148611
0 0.360156 0.563194 0.029687 0.131944
0 0.857031 0.335417 0.020313 0.070833
1 0.566406 0.207639 0.028125 0.040278
