0 0.168750 0.758333 0.053125 0.202778
0 0.221875 0.790972 0.050000 0.179167
0 0.230859 0.675000 0.035156 0.125000
0 0.282422 0.655556 0.036719 0.166667
0 0.311719 0.698611 0.026562 0.166667
0 0.343359 0.572917 0.036719 0.137500
0 0.317969 0.531944 0.026562 0.122222
0 0.307031 0.494444 0.023438 0.111111
0 0.382031 0.508333 0.023438 0.102778
0 0.355859 0.478472 0.021094 0.095833
0 0.343750 0.459722 0.021875 0.102778
0 0.375391 0.424306 0.019531 0.093056
0 0.405859 0.415972 0.016406 0.079167
0 0.420703 0.390972 0.014844 0.081944
0 0.903906 0.459028 0.026562 0.076389
0 0.882812 0.429861 0.029687 0.070833
0 0.823047 0.360417 0.021094 0.068056
0 0.785547 0.331944 0.017969 0.050000
0 0.767578 0.306944 0.014844 0.047222
0 0.749219 0.281944 0.015625 0.044444
1 0.798828 0.576389 0.103906 0.130556
1 0.689063 0.365972 0.050000 0.076389
1 0.626172 0.246528 0.032031 0.051389
1 0.608984 0.212500 0.024219 0.030556
1 0.597656 0.188889 0.020313 0.027778
