1 0.808984 0.494444 0.114844 0.147222
1 0.808984 0.360417 0.082031 0.098611
1 0.693750 0.284028 0.051562 0.073611
1 0.590625 0.349306 0.050000 0.093056
1 0.518359 0.313194 0.046094 0.079167
1 0.530078 0.184028 0.032031 0.073611
1 0.652344 0.205556 0.032813 0.052778
1 0.674219 0.179167 0.032813 0.047222
0 0.128906 0.900000 0.065625 0.200000
0 0.246484 0.889583 0.067969 0.220833
0 0.371484 0.420139 0.022656 0.106944
0 0.412109 0.390278 0.021094 0.100000
0 0.429297 0.301389 0.016406 0.072222
0 0.371484 0.360417 0.024219 0.073611
0 0.452344 0.227083 0.014063 0.054167
0 0.913281 0.380556 0.029687 0.097222
0 0.935547 0.370139 0.021094 0.076389
