1 0.474609 0.360417 0.050781 0.134722
1 0.582031 0.493750 0.095312 0.248611
0 0.294922 0.682639 0.041406 0.170833
0 0.195703 0.851389 0.053906 0.233333
0 0.323437 0.533333 0.032813 0.127778
0 0.355078 0.459722 0.032031 0.113889
0 0.388281 0.370833 0.018750 0.091667
3 0.627344 0.182639 0.043750 0.079167
1 0.730078 0.399306 0.066406 0.090278
1 0.778516 0.364583 0.060156 0.087500
1 0.917188 0.556944 0.110937 0.136111
0 0.862500 0.369444 0.018750 0.072222
0 0.749219 0.234722 0.014063 0.047222
0 0.816797 0.303472 0.019531 0.062500
0 0.966406 0.481250 0.031250 0.098611
1 0.675391 0.289583 0.047656 0.068056
1 0.523438 0.114583 0.020313 0.026389
1 0.596094 0.127778 0.023438 0.027778
0 0.432812 0.256944 0.018750 0.069444
0 0.462891 0.169444 0.011719 0.033333
0 0.444141 0.187500 0.011719 0.041667
