0 0.148828 0.921528 0.066406 0.156944
0 0.199219 0.718056 0.048438 0.194444
0 0.351953 0.561111 0.027344 0.125000
0 0.331641 0.503472 0.019531 0.101389
0 0.339453 0.441667 0.021094 0.077778
0 0.387109 0.424306 0.022656 0.090278
0 0.423047 0.375694 0.017969 0.068056
0 0.391016 0.376389 0.022656 0.072222
0 0.960547 0.504861 0.033594 0.095833
0 0.921094 0.437500 0.023438 0.086111
0 0.948438 0.437500 0.023438 0.077778
0 0.881250 0.405556 0.026562 0.080556
0 0.855859 0.337500 0.019531 0.066667
0 0.829688 0.361111 0.025000 0.069444
1 0.421094 0.829861 0.150000 0.340278
1 0.610547 0.665278 0.108594 0.297222
1 0.580469 0.387500 0.056250 0.127778
1 0.513672 0.314583 0.044531 0.079167
1 0.567578 0.237500 0.033594 0.075000
1 0.525391 0.228472 0.035156 0.065278
1 0.746094 0.440972 0.081250 0.137500
1 0.956641 0.673611 0.086719 0.188889
1 0.676172 0.300694 0.060156 0.095833
1 0.675000 0.239583 0.039062 0.059722
