1 0.698438 0.293750 0.048438 0.076389
1 0.636719 0.202778 0.028125 0.038889
1 0.804297 0.435417 0.089844 0.126389
0 0.223438 0.722917 0.046875 0.168056
0 0.168750 0.695139 0.046875 0.165278
0 0.289062 0.697917 0.032813 0.156944
0 0.331641 0.581944 0.028906 0.133333
0 0.249219 0.551389 0.031250 0.122222
0 0.347656 0.450694 0.026562 0.098611
0 0.319531 0.436111 0.020313 0.097222
0 0.866406 0.411111 0.021875 0.080556
0 0.760156 0.295139 0.014063 0.048611
0 0.692969 0.226389 0.012500 0.038889
0 0.969531 0.528472 0.034375 0.095833
0 0.377344 0.429861 0.025000 0.090278
