0 0.110547 0.879167 0.069531 0.197222
0 0.201953 0.948611 0.058594 0.102778
0 0.220312 0.861806 0.048438 0.162500
0 0.224219 0.711806 0.037500 0.162500
0 0.280469 0.738194 0.050000 0.168056
0 0.330859 0.643750 0.035156 0.148611
0 0.292578 0.607639 0.027344 0.120833
0 0.344922 0.557639 0.035156 0.109722
0 0.340234 0.452778 0.019531 0.100000
0 0.365234 0.479167 0.021094 0.097222
0 0.397266 0.481944 0.019531 0.102778
0 0.926953 0.499306 0.027344 0.081944
0 0.983984 0.506250 0.032031 0.101389
0 0.877734 0.447222 0.021094 0.080556
0 0.908984 0.425694 0.021094 0.073611
0 0.859766 0.415278 0.021094 0.080556
1 0.462500 0.580556 0.073438 0.161111
1 0.629687 0.806250 0.137500 0.337500
1 0.585156 0.506250 0.081250 0.118056
1 0.564453 0.371528 0.049219 0.104167
1 0.503516 0.286111 0.033594 0.080556
1 0.953125 0.710417 0.093750 0.195833
1 0.942578 0.892361 0.114844 0.215278
1 0.710547 0.400000 0.064844 0.111111
1 0.676172 0.270139 0.039844 0.065278
1 0.618750 0.243056 0.028125 0.061111
1 0.562500 0.308333 0.034375 0.069444
1 0.552344 0.236111 0.034375 0.050000
