3 0.618750 0.722917 0.162500 0.518056
1 0.440625 0.843750 0.100000 0.265278
1 0.486719 0.445139 0.054688 0.106944
0 0.299219 0.722222 0.034375 0.161111
0 0.260937 0.895833 0.048438 0.186111
3 0.628125 0.215278 0.029687 0.052778
1 0.556641 0.272917 0.033594 0.073611
1 0.497266 0.331250 0.033594 0.079167
0 0.758203 0.308333 0.014844 0.047222
0 0.787109 0.330556 0.016406 0.052778
0 0.801562 0.354861 0.015625 0.054167
0 0.914453 0.449306 0.024219 0.070833
0 0.669531 0.220833 0.010937 0.036111
0 0.686328 0.250694 0.010156 0.034722
0 0.394922 0.511111 0.028906 0.105556
0 0.410938 0.443750 0.018750 0.084722
0 0.360156 0.438194 0.020313 0.076389
0 0.337891 0.642361 0.028906 0.145833
1 0.567187 0.399306 0.042188 0.084722
1 0.507422 0.266667 0.028906 0.050000
0 0.728125 0.289583 0.015625 0.037500
