0 0.180078 0.741667 0.050781 0.225000
0 0.352734 0.375694 0.027344 0.106944
0 0.393750 0.322917 0.025000 0.090278
0 0.415625 0.339583 0.018750 0.079167
0 0.955859 0.491667 0.039844 0.105556
0 0.928906 0.429167 0.026562 0.094444
1 0.491406 0.313889 0.043750 0.113889
1 0.826172 0.573611 0.121094 0.191667
1 0.702734 0.361111 0.071094 0.100000
1 0.663281 0.259028 0.042188 0.073611
1 0.626953 0.194444 0.032031 0.066667
1 0.505469 0.231250 0.032813 0.062500
1 0.554297 0.262500 0.044531 0.080556
1 0.544141 0.154167 0.025781 0.052778
