1 0.467969 0.529861 0.078125 0.187500
0 0.408203 0.315972 0.021094 0.068056
0 0.425000 0.263194 0.018750 0.054167
1 0.509375 0.279861 0.042188 0.084722
1 0.564453 0.233333 0.035156 0.052778
1 0.787109 0.487500 0.128906 0.208333
1 0.762891 0.330556 0.058594 0.080556
1 0.700781 0.243750 0.035937 0.045833
1 0.617969 0.177778 0.021875 0.030556
1 0.517188 0.205556 0.025000 0.047222
0 0.830469 0.338194 0.018750 0.059722
0 0.809766 0.300694 0.017969 0.048611
0 0.939844 0.449306 0.026562 0.084722
0 0.975000 0.438194 0.028125 0.093056
