0 0.077344 0.939583 0.064062 0.120833
0 0.200000 0.865278 0.048438 0.202778
0 0.142578 0.768056 0.049219 0.175000
0 0.219922 0.729167 0.039844 0.158333
0 0.300391 0.693750 0.036719 0.168056
0 0.222266 0.624306 0.033594 0.156944
0 0.282422 0.588194 0.036719 0.156944
0 0.333984 0.573611 0.028906 0.138889
0 0.267969 0.534028 0.035937 0.118056
0 0.309375 0.435417 0.025000 0.120833
0 0.348438 0.481944 0.028125 0.100000
0 0.352734 0.425000 0.024219 0.097222
0 0.341797 0.372222 0.024219 0.108333
0 0.417187 0.361806 0.025000 0.090278
0 0.379688 0.377778 0.020313 0.091667
0 0.933594 0.459028 0.025000 0.118056
0 0.972266 0.507639 0.038281 0.109722
0 0.883203 0.420833 0.019531 0.083333
0 0.847266 0.373611 0.019531 0.083333
0 0.878906 0.366667 0.023438 0.072222
1 0.633594 0.827083 0.142187 0.345833
1 0.836719 0.628472 0.135937 0.190278
1 0.688672 0.348611 0.066406 0.097222
1 0.730078 0.304167 0.055469 0.080556
1 0.562891 0.290278 0.053906 0.133333
1 0.466797 0.492361 0.072656 0.187500
1 0.501953 0.215972 0.028906 0.062500
1 0.536328 0.167361 0.027344 0.045833
1 0.612500 0.191667 0.025000 0.047222
1 0.655469 0.211111 0.035937 0.050000
