1 0.858203 0.493750 0.102344 0.109722
1 0.769141 0.358333 0.057031 0.075000
1 0.691797 0.247917 0.032031 0.051389
1 0.643750 0.219444 0.028125 0.050000
0 0.114844 0.937500 0.079687 0.125000
0 0.204297 0.839583 0.049219 0.206944
0 0.140625 0.825694 0.039062 0.143056
0 0.278906 0.801389 0.040625 0.200000
0 0.223047 0.688194 0.036719 0.131944
0 0.277344 0.577083 0.034375 0.126389
0 0.309375 0.602083 0.029687 0.137500
0 0.326953 0.683333 0.028906 0.147222
0 0.372656 0.569444 0.028125 0.119444
0 0.341797 0.529167 0.021094 0.102778
0 0.342578 0.454167 0.022656 0.088889
0 0.373437 0.472222 0.025000 0.086111
0 0.392969 0.511111 0.021875 0.116667
0 0.412891 0.463889 0.024219 0.080556
0 0.391406 0.418750 0.020313 0.068056
0 0.940234 0.464583 0.027344 0.084722
0 0.958594 0.442361 0.026562 0.081944
0 0.880859 0.368056 0.021094 0.069444
0 0.862500 0.362500 0.018750 0.066667
0 0.848828 0.376389 0.022656 0.061111
0 0.837891 0.328472 0.019531 0.059722
0 0.814063 0.330556 0.018750 0.063889
