1 0.498437 0.508333 0.064062 0.147222
1 0.620313 0.652778 0.087500 0.186111
1 0.805078 0.391667 0.057031 0.111111
1 0.695312 0.326389 0.054688 0.088889
1 0.663672 0.265972 0.035156 0.051389
1 0.630469 0.195833 0.031250 0.058333
0 0.300000 0.753472 0.039062 0.168056
0 0.236328 0.915278 0.052344 0.169444
0 0.220703 0.797917 0.042969 0.212500
0 0.167578 0.795139 0.044531 0.229167
0 0.283594 0.609722 0.028125 0.144444
0 0.361328 0.562500 0.039844 0.122222
0 0.328516 0.471528 0.017969 0.090278
0 0.360547 0.470833 0.025781 0.077778
0 0.397656 0.484028 0.031250 0.106944
0 0.406641 0.435417 0.022656 0.093056
0 0.361328 0.414583 0.019531 0.076389
0 0.423828 0.410417 0.013281 0.076389
0 0.972656 0.484722 0.032813 0.108333
0 0.899609 0.420833 0.019531 0.066667
0 0.914844 0.402778 0.021875 0.077778
0 0.860547 0.380556 0.019531 0.072222
0 0.819141 0.317361 0.013281 0.059722
