0 0.892969 0.411806 0.031250 0.093056
0 0.806250 0.331250 0.020313 0.076389
0 0.778906 0.304167 0.018750 0.069444
0 0.827734 0.329167 0.022656 0.069444
0 0.077734 0.853472 0.052344 0.204167
0 0.176563 0.912500 0.056250 0.175000
0 0.098047 0.935417 0.063281 0.129167
0 0.254688 0.742361 0.048438 0.187500
0 0.201172 0.650000 0.044531 0.175000
0 0.247656 0.640972 0.037500 0.123611
0 0.237891 0.529861 0.028906 0.126389
0 0.280078 0.536111 0.028906 0.130556
0 0.312500 0.556250 0.029687 0.140278
0 0.266016 0.472222 0.022656 0.108333
0 0.298438 0.418056 0.020313 0.100000
0 0.312109 0.441667 0.021094 0.100000
0 0.330078 0.475694 0.025781 0.093056
0 0.353516 0.461111 0.024219 0.102778
1 0.833594 0.625694 0.142187 0.193056
1 0.568359 0.579167 0.082031 0.183333
1 0.443750 0.418056 0.056250 0.119444
1 0.539844 0.336806 0.046875 0.112500
1 0.625000 0.259028 0.054688 0.073611
1 0.517969 0.259722 0.040625 0.077778
