0 0.091016 0.932639 0.066406 0.134722
0 0.210547 0.784028 0.044531 0.204167
0 0.273828 0.730556 0.046094 0.177778
0 0.208594 0.631250 0.032813 0.148611
0 0.279687 0.584028 0.032813 0.140278
0 0.342187 0.550000 0.028125 0.127778
0 0.272656 0.500000 0.025000 0.116667
0 0.323437 0.483333 0.026562 0.116667
0 0.369141 0.492361 0.024219 0.098611
0 0.313672 0.426389 0.014844 0.094444
0 0.341406 0.380556 0.020313 0.088889
0 0.371094 0.371528 0.018750 0.084722
0 0.390625 0.397917 0.017188 0.076389
0 0.411719 0.370833 0.015625 0.069444
0 0.968359 0.506250 0.035156 0.112500
0 0.911328 0.442361 0.024219 0.079167
0 0.917188 0.405556 0.025000 0.086111
0 0.859766 0.399306 0.019531 0.065278
0 0.881250 0.397222 0.018750 0.080556
0 0.847656 0.365972 0.018750 0.076389
0 0.816016 0.352083 0.014844 0.062500
1 0.552734 0.261111 0.041406 0.077778
1 0.659766 0.302083 0.044531 0.076389
1 0.730859 0.318750 0.060156 0.076389
1 0.497266 0.234028 0.035156 0.070833
1 0.541016 0.170833 0.036719 0.069444
1 0.639844 0.195833 0.032813 0.047222
1 0.507422 0.159722 0.022656 0.041667
