0 0.190625 0.846528 0.050000 0.201389
0 0.253125 0.833333 0.043750 0.202778
0 0.307031 0.740972 0.040625 0.184722
0 0.253906 0.617361 0.035937 0.148611
0 0.292969 0.640972 0.032813 0.145833
0 0.327344 0.522917 0.028125 0.123611
0 0.357812 0.561111 0.028125 0.141667
0 0.389844 0.497917 0.023438 0.115278
0 0.330859 0.445833 0.028906 0.077778
0 0.366406 0.452083 0.025000 0.095833
0 0.392578 0.402778 0.019531 0.088889
0 0.415234 0.420833 0.024219 0.100000
0 0.376172 0.344444 0.017969 0.077778
0 0.410938 0.348611 0.014063 0.072222
0 0.427344 0.359722 0.017188 0.069444
0 0.400000 0.325694 0.014063 0.068056
0 0.917188 0.414583 0.026562 0.081944
0 0.902734 0.370833 0.024219 0.075000
0 0.865625 0.359722 0.025000 0.069444
0 0.842187 0.296528 0.018750 0.059722
1 0.690625 0.301389 0.048438 0.072222
1 0.631250 0.726389 0.125000 0.305556
1 0.491797 0.524306 0.067969 0.151389
1 0.504297 0.361111 0.046094 0.091667
1 0.512500 0.284722 0.039062 0.069444
1 0.651563 0.225000 0.031250 0.050000
1 0.521875 0.222222 0.031250 0.061111
