0 0.260937 0.855556 0.050000 0.211111
0 0.142187 0.906944 0.054688 0.186111
0 0.226562 0.827778 0.040625 0.205556
0 0.175391 0.750000 0.039844 0.188889
0 0.256641 0.684722 0.038281 0.150000
0 0.326953 0.663889 0.032031 0.158333
0 0.262500 0.575694 0.032813 0.120833
0 0.314844 0.589583 0.026562 0.126389
0 0.368750 0.531944 0.021875 0.111111
0 0.346094 0.498611 0.018750 0.102778
0 0.382422 0.483333 0.017969 0.100000
0 0.305859 0.536806 0.019531 0.101389
0 0.317578 0.476389 0.021094 0.088889
0 0.342578 0.429167 0.021094 0.083333
0 0.363281 0.406944 0.012500 0.080556
0 0.376563 0.420139 0.018750 0.095833
0 0.407813 0.425000 0.018750 0.086111
0 0.907813 0.425000 0.029687 0.075000
0 0.844141 0.372917 0.021094 0.068056
0 0.807031 0.347917 0.023438 0.062500
0 0.755078 0.276389 0.014844 0.044444
1 0.777344 0.523611 0.096875 0.138889
1 0.503906 0.272222 0.037500 0.108333
1 0.658984 0.306944 0.039844 0.061111
1 0.627734 0.245139 0.028906 0.054167
1 0.612500 0.207639 0.021875 0.031944
