0 0.177734 0.806944 0.057031 0.205556
0 0.125000 0.763889 0.040625 0.183333
0 0.271484 0.709028 0.041406 0.193056
0 0.319922 0.597917 0.025781 0.140278
0 0.265234 0.611806 0.035156 0.126389
0 0.236719 0.565278 0.026562 0.138889
0 0.282813 0.508333 0.028125 0.122222
0 0.324219 0.534722 0.034375 0.105556
0 0.371094 0.453472 0.025000 0.129167
0 0.328906 0.440278 0.026562 0.102778
0 0.292969 0.456250 0.023438 0.106944
0 0.390234 0.357639 0.019531 0.076389
0 0.341797 0.350694 0.019531 0.073611
0 0.323828 0.381944 0.017969 0.075000
0 0.967578 0.536806 0.028906 0.115278
0 0.918359 0.472917 0.025781 0.084722
0 0.902734 0.402083 0.021094 0.076389
0 0.862891 0.408333 0.024219 0.066667
1 0.848047 0.489583 0.099219 0.156944
1 0.717969 0.430556 0.078125 0.127778
1 0.660937 0.317361 0.048438 0.070833
1 0.670703 0.246528 0.035156 0.056944
1 0.609766 0.207639 0.022656 0.048611
