0 0.184375 0.744444 0.046875 0.191667
0 0.236719 0.774306 0.051562 0.201389
0 0.211328 0.918750 0.074219 0.162500
0 0.106641 0.933333 0.064844 0.133333
0 0.295312 0.678472 0.034375 0.162500
0 0.283594 0.571528 0.032813 0.131944
0 0.294922 0.484028 0.028906 0.090278
0 0.332422 0.569444 0.033594 0.144444
0 0.380859 0.497222 0.027344 0.113889
0 0.366797 0.450000 0.022656 0.108333
0 0.340234 0.429167 0.024219 0.094444
0 0.395703 0.415972 0.019531 0.087500
0 0.936328 0.463889 0.033594 0.083333
0 0.964844 0.438889 0.025000 0.080556
0 0.923828 0.404167 0.024219 0.066667
0 0.883594 0.390278 0.034375 0.069444
1 0.485938 0.370833 0.065625 0.166667
1 0.561719 0.306250 0.043750 0.090278
1 0.744141 0.401389 0.089844 0.144444
1 0.761719 0.313889 0.070312 0.105556
1 0.692578 0.238194 0.041406 0.051389
1 0.638672 0.226389 0.032031 0.052778
1 0.508984 0.234028 0.038281 0.087500
