0 0.081250 0.920833 0.090625 0.158333
0 0.126562 0.740278 0.064062 0.205556
0 0.191406 0.761111 0.056250 0.216667
0 0.238672 0.793750 0.052344 0.223611
0 0.223828 0.550000 0.046094 0.180556
0 0.271094 0.634028 0.045312 0.165278
0 0.287500 0.514583 0.043750 0.137500
0 0.346484 0.509028 0.036719 0.140278
0 0.322656 0.391667 0.029687 0.125000
0 0.352344 0.391667 0.023438 0.116667
0 0.380469 0.395833 0.026562 0.119444
0 0.348047 0.309028 0.024219 0.081944
0 0.883203 0.297222 0.025781 0.072222
0 0.825391 0.216667 0.024219 0.069444
1 0.916016 0.652083 0.167969 0.248611
1 0.607031 0.494444 0.081250 0.180556
1 0.478906 0.441667 0.081250 0.194444
1 0.581641 0.314583 0.057031 0.115278
1 0.700000 0.244444 0.068750 0.105556
1 0.648828 0.125000 0.042969 0.063889
1 0.565625 0.211111 0.043750 0.075000
1 0.507422 0.172917 0.046094 0.081944
