1 0.472656 0.486806 0.092188 0.223611
1 0.485156 0.311806 0.062500 0.137500
1 0.603906 0.345833 0.068750 0.130556
1 0.834375 0.455556 0.117188 0.152778
1 0.684375 0.196528 0.046875 0.073611
1 0.746875 0.178472 0.067187 0.104167
1 0.692187 0.106250 0.042188 0.081944
1 0.510938 0.195833 0.048438 0.077778
1 0.582031 0.201389 0.053125 0.097222
0 0.050391 0.902083 0.094531 0.195833
0 0.155469 0.844444 0.070312 0.227778
0 0.175000 0.659028 0.051562 0.181944
0 0.244531 0.720139 0.053125 0.209722
0 0.237109 0.500694 0.039844 0.118056
0 0.287891 0.550694 0.047656 0.134722
0 0.286328 0.434722 0.028906 0.108333
0 0.343750 0.484722 0.032813 0.141667
0 0.330078 0.416667 0.025781 0.102778
0 0.325391 0.329167 0.027344 0.086111
0 0.369531 0.403472 0.023438 0.126389
0 0.354687 0.347917 0.026562 0.101389
0 0.395703 0.348611 0.024219 0.105556
0 0.416406 0.290972 0.021875 0.090278
0 0.937500 0.295833 0.031250 0.083333
0 0.879687 0.250694 0.028125 0.070833
