0 0.112109 0.907639 0.069531 0.184722
0 0.144531 0.729167 0.048438 0.191667
0 0.201172 0.727083 0.046094 0.198611
0 0.246094 0.777083 0.050000 0.209722
0 0.276172 0.666667 0.039844 0.130556
0 0.257812 0.506250 0.028125 0.120833
0 0.294141 0.452778 0.022656 0.108333
0 0.311328 0.489583 0.028906 0.123611
0 0.343750 0.506944 0.028125 0.130556
0 0.289453 0.580556 0.030469 0.127778
0 0.272266 0.562500 0.030469 0.127778
0 0.322266 0.402083 0.022656 0.081944
0 0.346484 0.439583 0.028906 0.073611
0 0.357031 0.405556 0.021875 0.083333
0 0.380859 0.362500 0.021094 0.086111
0 0.901563 0.413194 0.031250 0.093056
0 0.855078 0.368750 0.022656 0.084722
0 0.837500 0.337500 0.020313 0.061111
0 0.800781 0.325000 0.023438 0.075000
0 0.766797 0.279861 0.019531 0.059722
0 0.739062 0.252778 0.017188 0.055556
0 0.933594 0.422222 0.029687 0.094444
1 0.393359 0.822222 0.171094 0.355556
1 0.462891 0.454167 0.067969 0.158333
1 0.560547 0.525694 0.080469 0.151389
1 0.548828 0.377778 0.057031 0.136111
1 0.473047 0.271528 0.038281 0.073611
1 0.540625 0.267361 0.042188 0.081944
