0 0.158984 0.832639 0.057031 0.212500
0 0.242578 0.882639 0.046094 0.212500
0 0.287500 0.776389 0.037500 0.172222
0 0.216797 0.645139 0.036719 0.154167
0 0.279687 0.636111 0.034375 0.138889
0 0.296094 0.675000 0.039062 0.136111
0 0.235547 0.662500 0.036719 0.130556
0 0.237109 0.753472 0.044531 0.176389
0 0.300000 0.497917 0.028125 0.120833
0 0.325391 0.533333 0.022656 0.127778
0 0.363281 0.500694 0.021875 0.104167
0 0.395313 0.458333 0.018750 0.097222
0 0.334375 0.426389 0.021875 0.094444
0 0.363672 0.438889 0.024219 0.069444
0 0.420703 0.393056 0.022656 0.075000
0 0.964844 0.507639 0.034375 0.090278
0 0.933203 0.452083 0.027344 0.084722
0 0.871875 0.395139 0.021875 0.068056
0 0.839063 0.401389 0.021875 0.072222
0 0.790234 0.343056 0.017969 0.058333
1 0.435547 0.791667 0.125781 0.341667
1 0.594531 0.596528 0.089063 0.229167
1 0.473438 0.477778 0.067187 0.141667
1 0.565625 0.360417 0.051562 0.090278
1 0.723047 0.429167 0.067969 0.102778
1 0.635156 0.264583 0.035937 0.051389
1 0.491406 0.384722 0.051562 0.086111
1 0.496484 0.320139 0.039844 0.065278
1 0.899219 0.794444 0.165625 0.208333
