0 0.123047 0.941667 0.066406 0.116667
0 0.221094 0.929861 0.056250 0.140278
0 0.235547 0.828472 0.049219 0.154167
0 0.185547 0.779861 0.039844 0.176389
0 0.226172 0.655556 0.035156 0.150000
0 0.258203 0.687500 0.032031 0.133333
0 0.303906 0.736111 0.040625 0.177778
0 0.317188 0.594444 0.025000 0.119444
0 0.294922 0.539583 0.022656 0.115278
0 0.348828 0.536806 0.024219 0.115278
0 0.327344 0.463889 0.020313 0.100000
0 0.379688 0.511806 0.023438 0.104167
0 0.946484 0.514583 0.024219 0.087500
0 0.944922 0.475694 0.028906 0.095833
0 0.894531 0.454861 0.020313 0.073611
1 0.651563 0.886111 0.164062 0.227778
1 0.480078 0.443056 0.050781 0.122222
1 0.570703 0.409722 0.060156 0.119444
1 0.498437 0.325694 0.034375 0.079167
1 0.565234 0.340972 0.041406 0.070833
1 0.557031 0.279167 0.037500 0.069444
1 0.512891 0.231944 0.027344 0.066667
1 0.728125 0.337500 0.046875 0.086111
1 0.663281 0.329167 0.043750 0.077778
1 0.686719 0.286806 0.032813 0.054167
1 0.655859 0.245833 0.027344 0.044444
1 0.638281 0.215278 0.021875 0.041667
