0 0.264062 0.437500 0.035937 0.136111
0 0.356250 0.284722 0.023438 0.094444
0 0.405859 0.274306 0.017969 0.084722
0 0.382422 0.218750 0.016406 0.081944
0 0.397656 0.245139 0.012500 0.079167
0 0.412109 0.186111 0.014844 0.063889
0 0.434375 0.190972 0.014063 0.059722
0 0.839063 0.289583 0.026562 0.062500
0 0.806250 0.235417 0.018750 0.068056
0 0.789453 0.209722 0.019531 0.063889
1 0.458594 0.453472 0.085938 0.206944
1 0.579297 0.418750 0.083594 0.176389
1 0.816797 0.520833 0.124219 0.158333
1 0.705859 0.187500 0.052344 0.069444
1 0.669531 0.142361 0.035937 0.048611
