0 0.050391 0.924306 0.072656 0.151389
0 0.153516 0.932639 0.057031 0.134722
0 0.229297 0.897222 0.049219 0.205556
0 0.196484 0.789583 0.044531 0.179167
0 0.281641 0.728472 0.039844 0.170833
0 0.255859 0.661111 0.028906 0.152778
0 0.200391 0.661806 0.036719 0.145833
0 0.233203 0.572917 0.028906 0.126389
0 0.278125 0.528472 0.026562 0.126389
0 0.310156 0.537500 0.023438 0.127778
0 0.335938 0.571528 0.028125 0.134722
0 0.363281 0.476389 0.025000 0.105556
0 0.307812 0.447917 0.025000 0.098611
0 0.340625 0.435417 0.023438 0.098611
0 0.385937 0.415278 0.020313 0.094444
1 0.873828 0.715972 0.142969 0.223611
1 0.776563 0.399306 0.065625 0.095833
1 0.666797 0.330556 0.047656 0.075000
1 0.709375 0.290278 0.050000 0.097222
1 0.625000 0.243056 0.032813 0.050000
