0 0.264453 0.654861 0.038281 0.168056
0 0.330078 0.488889 0.032031 0.119444
0 0.378516 0.448611 0.022656 0.105556
0 0.397266 0.400000 0.019531 0.094444
0 0.390625 0.319444 0.017188 0.072222
0 0.415625 0.363194 0.020313 0.087500
0 0.436328 0.324306 0.014844 0.081944
0 0.421484 0.300694 0.016406 0.062500
0 0.451562 0.295139 0.014063 0.068056
0 0.467969 0.252083 0.012500 0.054167
0 0.433984 0.238194 0.011719 0.054167
0 0.969922 0.443056 0.033594 0.094444
0 0.917578 0.398611 0.027344 0.077778
0 0.849609 0.320139 0.019531 0.062500
0 0.890234 0.344444 0.021094 0.063889
0 0.828906 0.295139 0.018750 0.056944
1 0.708594 0.285417 0.065625 0.104167
1 0.742188 0.259722 0.043750 0.072222
1 0.630859 0.159028 0.024219 0.037500
1 0.671094 0.164583 0.034375 0.056944
1 0.900781 0.652778 0.165625 0.216667
