0 0.196094 0.859722 0.048438 0.200000
0 0.281641 0.802778 0.042969 0.172222
0 0.326562 0.815278 0.039062 0.172222
0 0.307422 0.645833 0.027344 0.105556
0 0.394922 0.619444 0.027344 0.108333
0 0.337109 0.581250 0.032031 0.081944
0 0.348047 0.707639 0.036719 0.129167
0 0.335156 0.659722 0.028125 0.105556
0 0.373437 0.533333 0.020313 0.094444
0 0.384766 0.570139 0.019531 0.106944
0 0.417969 0.562500 0.020313 0.105556
0 0.434766 0.531250 0.017969 0.087500
1 0.641406 0.782639 0.100000 0.226389
1 0.489453 0.761111 0.099219 0.200000
1 0.612500 0.528472 0.057813 0.115278
1 0.810156 0.622917 0.096875 0.129167
1 0.704688 0.401389 0.040625 0.063889
1 0.700781 0.338889 0.037500 0.050000
1 0.587500 0.387500 0.042188 0.077778
1 0.534375 0.362500 0.035937 0.066667
