1 0.451953 0.637500 0.099219 0.261111
1 0.595313 0.554167 0.073438 0.222222
1 0.478906 0.432639 0.065625 0.137500
1 0.549219 0.283333 0.039062 0.075000
1 0.497656 0.279167 0.042188 0.080556
1 0.643359 0.252778 0.038281 0.055556
1 0.700000 0.268056 0.043750 0.050000
1 0.657422 0.208333 0.030469 0.041667
0 0.160547 0.892361 0.044531 0.215278
0 0.206641 0.929167 0.050781 0.141667
0 0.247656 0.784722 0.040625 0.191667
0 0.212891 0.653472 0.044531 0.195833
0 0.312500 0.618056 0.031250 0.152778
0 0.290234 0.572222 0.027344 0.133333
0 0.356641 0.513889 0.025781 0.111111
0 0.334375 0.450694 0.023438 0.106944
0 0.383594 0.454167 0.023438 0.102778
0 0.365625 0.431944 0.017188 0.083333
0 0.346094 0.385417 0.018750 0.076389
0 0.387500 0.372917 0.020313 0.081944
0 0.408594 0.348611 0.020313 0.069444
0 0.937500 0.452778 0.028125 0.083333
0 0.958203 0.423611 0.021094 0.072222
0 0.914453 0.393056 0.024219 0.066667
0 0.887500 0.397917 0.025000 0.073611
0 0.851172 0.368750 0.022656 0.070833
0 0.869531 0.346528 0.018750 0.062500
0 0.817969 0.331944 0.020313 0.061111
0 0.804297 0.309722 0.021094 0.058333
