0 0.196484 0.782639 0.047656 0.195833
0 0.269531 0.685417 0.046875 0.179167
0 0.228516 0.554861 0.033594 0.165278
0 0.269141 0.502778 0.028906 0.122222
0 0.301953 0.520833 0.030469 0.141667
0 0.336328 0.468056 0.030469 0.105556
0 0.292578 0.420833 0.024219 0.088889
0 0.360938 0.400694 0.023438 0.101389
0 0.322266 0.379861 0.021094 0.093056
0 0.920703 0.439583 0.033594 0.087500
0 0.893750 0.393750 0.025000 0.079167
0 0.860156 0.365972 0.021875 0.079167
0 0.832031 0.308333 0.017188 0.063889
1 0.603906 0.780556 0.129688 0.297222
1 0.448047 0.561806 0.083594 0.218056
1 0.552344 0.346528 0.056250 0.123611
1 0.466406 0.346528 0.053125 0.095833
1 0.480469 0.211806 0.039062 0.098611
3 0.543359 0.238889 0.058594 0.130556
1 0.609375 0.197222 0.031250 0.052778
