0 0.295312 0.745833 0.040625 0.163889
0 0.320312 0.905556 0.046875 0.188889
0 0.396875 0.658333 0.028125 0.125000
0 0.359375 0.638889 0.028125 0.113889
0 0.317969 0.794444 0.040625 0.136111
0 0.442188 0.527083 0.023438 0.098611
0 0.410547 0.543056 0.019531 0.100000
0 0.395313 0.483333 0.018750 0.080556
0 0.370312 0.522917 0.021875 0.076389
1 0.511719 0.584722 0.067187 0.158333
1 0.616406 0.531944 0.068750 0.130556
1 0.533203 0.422917 0.038281 0.095833
1 0.765625 0.509028 0.079687 0.104167
1 0.915234 0.755556 0.158594 0.200000
1 0.594922 0.377778 0.039844 0.066667
