1 0.459766 0.654167 0.096094 0.252778
1 0.587891 0.472917 0.066406 0.118056
1 0.484375 0.440972 0.054688 0.134722
1 0.822656 0.599306 0.121875 0.162500
1 0.870703 0.506250 0.117969 0.140278
1 0.756641 0.366667 0.064844 0.083333
1 0.687500 0.361806 0.054688 0.090278
1 0.564453 0.274306 0.036719 0.068056
1 0.503906 0.328472 0.037500 0.070833
1 0.511719 0.251389 0.034375 0.063889
1 0.637891 0.254861 0.035156 0.056944
1 0.667578 0.243056 0.027344 0.036111
0 0.200781 0.886806 0.056250 0.181944
0 0.041016 0.940278 0.080469 0.116667
0 0.162891 0.767361 0.038281 0.176389
0 0.226953 0.741667 0.036719 0.163889
0 0.299219 0.718750 0.032813 0.162500
0 0.250000 0.602778 0.026562 0.144444
0 0.300391 0.631250 0.028906 0.118056
0 0.345703 0.606250 0.028906 0.126389
0 0.349219 0.514583 0.025000 0.101389
0 0.312500 0.489583 0.021875 0.093056
0 0.401172 0.470139 0.017969 0.090278
0 0.388281 0.438194 0.015625 0.093056
0 0.348438 0.463194 0.020313 0.076389
0 0.337500 0.439583 0.018750 0.087500
0 0.361328 0.393056 0.016406 0.066667
0 0.411719 0.395833 0.015625 0.069444
0 0.978906 0.543750 0.037500 0.095833
0 0.960547 0.468056 0.022656 0.069444
0 0.919141 0.421528 0.021094 0.068056
0 0.866797 0.385417 0.022656 0.065278
0 0.885547 0.422917 0.019531 0.065278
0 0.807813 0.334028 0.015625 0.054167
