0 0.213281 0.931944 0.056250 0.136111
0 0.164844 0.871528 0.045312 0.212500
0 0.208984 0.714583 0.050781 0.159722
0 0.306641 0.717361 0.038281 0.148611
0 0.274219 0.640278 0.035937 0.138889
0 0.298047 0.540972 0.027344 0.112500
0 0.342187 0.590972 0.026562 0.126389
0 0.374219 0.547917 0.028125 0.106944
0 0.342187 0.514583 0.028125 0.081944
0 0.330078 0.488194 0.017969 0.079167
0 0.351562 0.430556 0.017188 0.086111
0 0.369141 0.467361 0.016406 0.081944
0 0.403125 0.454861 0.020313 0.087500
0 0.933984 0.466667 0.027344 0.083333
0 0.775000 0.325694 0.025000 0.059722
1 0.426563 0.861111 0.114062 0.277778
1 0.595313 0.553472 0.075000 0.170833
1 0.473047 0.509722 0.063281 0.161111
1 0.567969 0.396528 0.045312 0.084722
1 0.495703 0.334028 0.039844 0.084722
1 0.560156 0.307639 0.048438 0.076389
1 0.508594 0.249306 0.028125 0.065278
1 0.653516 0.338194 0.039844 0.068056
1 0.775391 0.563194 0.105469 0.134722
1 0.951953 0.666667 0.096094 0.188889
1 0.796484 0.456944 0.085156 0.100000
1 0.709766 0.349306 0.053906 0.076389
1 0.696484 0.309722 0.046094 0.058333
1 0.650000 0.256250 0.029687 0.056944
