1 0.442188 0.571528 0.118750 0.284722
1 0.594531 0.372917 0.081250 0.170833
1 0.807813 0.302083 0.084375 0.109722
1 0.480078 0.305556 0.069531 0.138889
1 0.562891 0.165972 0.052344 0.081944
1 0.497266 0.210417 0.055469 0.090278
0 0.139844 0.852778 0.062500 0.225000
0 0.038672 0.883333 0.075781 0.188889
0 0.200391 0.668750 0.050781 0.204167
0 0.260156 0.660417 0.046875 0.204167
0 0.218750 0.502083 0.037500 0.154167
0 0.280469 0.484028 0.040625 0.137500
0 0.332031 0.486111 0.046875 0.147222
0 0.306641 0.356944 0.027344 0.105556
0 0.251172 0.550000 0.046094 0.138889
0 0.371875 0.386806 0.032813 0.120833
0 0.871875 0.290278 0.026562 0.080556
0 0.911328 0.335417 0.030469 0.073611
