0 0.167187 0.922917 0.053125 0.154167
0 0.233594 0.731944 0.042188 0.147222
0 0.294922 0.697917 0.032031 0.140278
0 0.262109 0.581250 0.028906 0.109722
0 0.229297 0.639583 0.035156 0.123611
0 0.319531 0.613194 0.026562 0.120833
0 0.292187 0.554167 0.029687 0.116667
0 0.308203 0.465278 0.019531 0.083333
0 0.321094 0.525000 0.023438 0.080556
0 0.350781 0.524306 0.020313 0.098611
0 0.371875 0.463889 0.021875 0.077778
0 0.348047 0.415972 0.016406 0.070833
0 0.373828 0.409722 0.017969 0.058333
0 0.845703 0.522917 0.028906 0.081944
0 0.820703 0.479861 0.025781 0.073611
0 0.777344 0.445833 0.023438 0.061111
0 0.860156 0.479167 0.023438 0.077778
1 0.667578 0.461806 0.064844 0.112500
1 0.723828 0.452778 0.053906 0.077778
1 0.616797 0.382639 0.046094 0.062500
1 0.668359 0.384028 0.042969 0.059722
1 0.596094 0.343750 0.034375 0.045833
1 0.508984 0.337500 0.033594 0.055556
