0 0.171484 0.941667 0.063281 0.116667
0 0.257812 0.863889 0.045312 0.200000
0 0.267969 0.725000 0.043750 0.138889
0 0.237500 0.677083 0.039062 0.154167
0 0.262109 0.584028 0.028906 0.109722
0 0.312500 0.581250 0.031250 0.134722
0 0.350000 0.583333 0.025000 0.136111
0 0.387109 0.513889 0.022656 0.100000
0 0.354297 0.466667 0.019531 0.102778
0 0.390625 0.452083 0.025000 0.081944
0 0.414453 0.420139 0.019531 0.090278
0 0.377344 0.397917 0.017188 0.076389
0 0.430078 0.384722 0.019531 0.075000
0 0.404297 0.374306 0.016406 0.087500
0 0.426563 0.341667 0.017188 0.066667
0 0.911719 0.438889 0.021875 0.091667
0 0.928516 0.416667 0.017969 0.072222
0 0.948047 0.473611 0.022656 0.086111
0 0.982812 0.454861 0.023438 0.079167
0 0.985938 0.536806 0.028125 0.101389
1 0.427734 0.812500 0.161719 0.375000
1 0.587500 0.373611 0.048438 0.097222
1 0.779687 0.376389 0.065625 0.075000
1 0.689453 0.331250 0.042969 0.065278
1 0.729297 0.303472 0.046094 0.062500
1 0.690625 0.248611 0.039062 0.047222
1 0.636328 0.227778 0.025781 0.047222
1 0.574609 0.269444 0.033594 0.063889
1 0.516016 0.281250 0.027344 0.059722
1 0.529297 0.215278 0.027344 0.069444
1 0.666797 0.218750 0.022656 0.034722
