1 0.455859 0.674306 0.100781 0.231944
1 0.475391 0.492361 0.074219 0.123611
1 0.604688 0.643750 0.104688 0.220833
1 0.718750 0.421528 0.073438 0.115278
1 0.630078 0.251389 0.033594 0.050000
1 0.657422 0.319444 0.042969 0.063889
1 0.612891 0.204861 0.022656 0.031944
0 0.077344 0.911806 0.064062 0.176389
0 0.185547 0.868750 0.050781 0.195833
0 0.268750 0.811111 0.042188 0.197222
0 0.252734 0.738194 0.038281 0.181944
0 0.198828 0.738194 0.042969 0.126389
0 0.211719 0.649306 0.034375 0.129167
0 0.283203 0.645833 0.028906 0.130556
0 0.345313 0.605556 0.029687 0.119444
0 0.272266 0.593750 0.024219 0.123611
0 0.295312 0.512500 0.026562 0.108333
0 0.326562 0.522917 0.026562 0.112500
0 0.362891 0.516667 0.022656 0.111111
0 0.387891 0.484722 0.019531 0.105556
0 0.339062 0.429167 0.020313 0.086111
0 0.371484 0.435417 0.019531 0.070833
0 0.388281 0.405556 0.015625 0.072222
0 0.406250 0.425000 0.020313 0.083333
0 0.356641 0.400000 0.014844 0.077778
0 0.430469 0.365278 0.014063 0.063889
0 0.935156 0.458333 0.029687 0.086111
0 0.872656 0.405556 0.029687 0.066667
0 0.785547 0.332639 0.019531 0.054167
0 0.757422 0.304861 0.017969 0.048611
