1 0.434766 0.686806 0.082031 0.229167
1 0.687891 0.386111 0.049219 0.077778
1 0.930859 0.684722 0.138281 0.247222
1 0.576172 0.284722 0.028906 0.044444
1 0.602734 0.331250 0.038281 0.054167
1 0.630469 0.310417 0.039062 0.045833
0 0.140234 0.944444 0.060156 0.111111
0 0.232813 0.919444 0.048438 0.161111
0 0.167187 0.819444 0.046875 0.177778
0 0.238672 0.745833 0.030469 0.172222
0 0.267969 0.787500 0.039062 0.180556
0 0.297656 0.674306 0.031250 0.134722
0 0.258594 0.601389 0.035937 0.113889
0 0.297656 0.584722 0.025000 0.100000
0 0.336328 0.621528 0.025781 0.123611
0 0.325781 0.581944 0.021875 0.100000
0 0.358594 0.534028 0.025000 0.098611
0 0.292969 0.518056 0.021875 0.091667
0 0.378125 0.477083 0.020313 0.084722
0 0.327344 0.504167 0.025000 0.083333
0 0.310547 0.486806 0.016406 0.084722
0 0.908984 0.529167 0.032031 0.086111
0 0.939063 0.527083 0.029687 0.087500
0 0.863281 0.498611 0.029687 0.088889
0 0.823828 0.455556 0.022656 0.080556
0 0.840234 0.441667 0.022656 0.069444
0 0.807031 0.400694 0.021875 0.062500
0 0.776953 0.409722 0.021094 0.066667
