0 0.160547 0.923611 0.075781 0.152778
0 0.180859 0.746528 0.050781 0.173611
0 0.288672 0.739583 0.049219 0.198611
0 0.305469 0.557639 0.034375 0.134722
0 0.280078 0.534722 0.030469 0.130556
0 0.365625 0.537500 0.029687 0.130556
0 0.364844 0.461111 0.023438 0.083333
0 0.410547 0.429861 0.021094 0.101389
0 0.371094 0.348611 0.017188 0.058333
0 0.394531 0.374306 0.018750 0.087500
0 0.371484 0.407639 0.019531 0.068056
0 0.420312 0.370139 0.018750 0.081944
0 0.456250 0.277083 0.015625 0.062500
0 0.407813 0.284028 0.015625 0.068056
0 0.939453 0.421528 0.027344 0.090278
0 0.888281 0.369444 0.028125 0.080556
0 0.860938 0.336111 0.023438 0.069444
0 0.827734 0.305556 0.017969 0.061111
1 0.762891 0.413194 0.083594 0.109722
1 0.941406 0.546528 0.117188 0.134722
1 0.673047 0.245139 0.039844 0.062500
1 0.635547 0.165972 0.030469 0.059722
1 0.666406 0.169444 0.026562 0.041667
