0 0.186328 0.720833 0.049219 0.169444
0 0.243359 0.706250 0.046094 0.168056
0 0.342187 0.616667 0.031250 0.147222
0 0.345313 0.489583 0.028125 0.118056
0 0.407031 0.370833 0.021875 0.072222
0 0.393359 0.340278 0.014844 0.083333
0 0.438281 0.359722 0.015625 0.069444
0 0.425391 0.332639 0.016406 0.073611
0 0.422656 0.275694 0.014063 0.051389
0 0.447656 0.318056 0.014063 0.058333
0 0.952734 0.496528 0.025781 0.087500
0 0.912891 0.433333 0.016406 0.077778
0 0.952734 0.434028 0.019531 0.054167
0 0.871875 0.409028 0.021875 0.081944
0 0.852734 0.372917 0.019531 0.048611
1 0.471875 0.582639 0.092188 0.209722
1 0.907813 0.736111 0.171875 0.258333
1 0.755078 0.343750 0.052344 0.081944
1 0.685547 0.240972 0.038281 0.068056
1 0.565625 0.298611 0.043750 0.097222
1 0.508594 0.289583 0.042188 0.093056
1 0.561719 0.227778 0.034375 0.061111
1 0.526563 0.204861 0.031250 0.048611
1 0.631250 0.218056 0.023438 0.058333
1 0.655078 0.197222 0.025781 0.047222
