0 0.159375 0.872917 0.056250 0.204167
0 0.232813 0.921528 0.054688 0.156944
0 0.219531 0.825000 0.039062 0.141667
0 0.258203 0.669444 0.028906 0.130556
0 0.288281 0.700694 0.034375 0.145833
0 0.318359 0.737500 0.027344 0.155556
0 0.343750 0.638889 0.026562 0.111111
0 0.319141 0.593750 0.027344 0.112500
0 0.381250 0.547917 0.023438 0.095833
0 0.931641 0.559028 0.032031 0.095833
0 0.903516 0.509028 0.024219 0.070833
0 0.859375 0.508333 0.020313 0.072222
0 0.816797 0.457639 0.021094 0.062500
0 0.783984 0.433333 0.021094 0.061111
1 0.435547 0.779861 0.099219 0.226389
1 0.567969 0.540972 0.059375 0.165278
1 0.700781 0.509028 0.068750 0.115278
1 0.655078 0.420139 0.053906 0.076389
1 0.691406 0.393056 0.039062 0.061111
1 0.635156 0.328472 0.032813 0.043056
3 0.475781 0.427778 0.068750 0.205556
