1 0.558594 0.329167 0.045312 0.077778
1 0.474609 0.350000 0.050781 0.105556
1 0.419922 0.743750 0.136719 0.423611
0 0.278125 0.558333 0.032813 0.133333
1 0.866016 0.503472 0.083594 0.118056
1 0.754297 0.343750 0.064844 0.090278
1 0.626172 0.226389 0.033594 0.050000
1 0.620703 0.159722 0.024219 0.041667
0 0.953516 0.463194 0.035156 0.087500
0 0.245703 0.798611 0.052344 0.213889
0 0.151562 0.847222 0.054688 0.191667
0 0.230859 0.612500 0.039844 0.144444
0 0.330469 0.559028 0.028125 0.126389
0 0.363672 0.462500 0.028906 0.113889
