0 0.862891 0.422222 0.025781 0.080556
0 0.892578 0.399306 0.027344 0.070833
0 0.153906 0.924306 0.067187 0.151389
0 0.217969 0.928472 0.053125 0.143056
0 0.217578 0.727083 0.044531 0.184722
0 0.238672 0.802778 0.050781 0.172222
0 0.309375 0.715278 0.040625 0.180556
0 0.276172 0.598611 0.032031 0.138889
0 0.315234 0.572222 0.032031 0.127778
0 0.352734 0.588194 0.032031 0.126389
0 0.340234 0.493750 0.027344 0.098611
0 0.373437 0.531250 0.026562 0.098611
0 0.400000 0.480556 0.025000 0.102778
0 0.357422 0.425694 0.022656 0.087500
0 0.393750 0.404861 0.021875 0.079167
0 0.416797 0.414583 0.017969 0.081944
0 0.926953 0.481944 0.032031 0.072222
0 0.975000 0.548611 0.035937 0.086111
0 0.965234 0.479861 0.032031 0.070833
0 0.818359 0.365972 0.017969 0.062500
0 0.797656 0.344444 0.018750 0.061111
0 0.941016 0.445139 0.022656 0.070833
0 0.835547 0.347917 0.013281 0.065278
0 0.850781 0.382639 0.020313 0.068056
1 0.750000 0.359722 0.065625 0.097222
1 0.651953 0.304861 0.046094 0.073611
1 0.675781 0.265972 0.037500 0.059722
