3 0.588281 0.290972 0.054688 0.137500
1 0.660937 0.218750 0.048438 0.090278
3 0.769141 0.293750 0.078906 0.120833
1 0.736328 0.379167 0.066406 0.083333
0 0.378516 0.520139 0.027344 0.126389
0 0.334766 0.575694 0.033594 0.131944
0 0.309766 0.684028 0.042969 0.151389
0 0.273047 0.836111 0.049219 0.197222
0 0.269922 0.629167 0.033594 0.158333
0 0.317578 0.491667 0.022656 0.105556
0 0.458594 0.293056 0.012500 0.058333
1 0.521094 0.274306 0.035937 0.068056
1 0.497656 0.453472 0.070312 0.131944
1 0.532813 0.207639 0.026562 0.056944
1 0.542188 0.150694 0.020313 0.031944
0 0.887500 0.369444 0.021875 0.069444
0 0.843359 0.296528 0.017969 0.054167
0 0.941797 0.422917 0.030469 0.081944
1 0.571484 0.206250 0.030469 0.056944
