0 0.093359 0.922222 0.071094 0.155556
0 0.261719 0.842361 0.043750 0.209722
0 0.311328 0.717361 0.038281 0.176389
0 0.304297 0.538889 0.027344 0.116667
0 0.325000 0.602083 0.026562 0.123611
0 0.377344 0.572222 0.028125 0.136111
0 0.380469 0.502778 0.026562 0.100000
0 0.367578 0.432639 0.017969 0.087500
0 0.394922 0.451389 0.021094 0.075000
0 0.421875 0.436111 0.015625 0.072222
0 0.434766 0.397917 0.014844 0.068056
0 0.408984 0.394444 0.016406 0.075000
0 0.381641 0.388889 0.014844 0.066667
1 0.485547 0.538889 0.074219 0.186111
1 0.589063 0.410417 0.067187 0.162500
1 0.649219 0.923611 0.150000 0.152778
1 0.513281 0.356944 0.048438 0.116667
1 0.571484 0.293750 0.041406 0.101389
1 0.807813 0.438889 0.081250 0.100000
1 0.724609 0.329167 0.039844 0.075000
1 0.698438 0.293750 0.043750 0.054167
0 0.972266 0.498611 0.032031 0.083333
