0 0.118750 0.925694 0.076563 0.148611
0 0.151953 0.733333 0.046094 0.213889
0 0.280078 0.742361 0.044531 0.198611
0 0.245312 0.559028 0.031250 0.126389
0 0.253906 0.654167 0.035937 0.155556
0 0.291797 0.575694 0.035156 0.126389
0 0.331641 0.602083 0.033594 0.154167
0 0.323828 0.477778 0.030469 0.119444
0 0.353906 0.401389 0.023438 0.105556
0 0.380078 0.433333 0.019531 0.094444
0 0.386328 0.390278 0.017969 0.083333
0 0.415234 0.333333 0.014844 0.072222
0 0.381250 0.321528 0.014063 0.068056
0 0.413672 0.256250 0.013281 0.054167
0 0.422656 0.300000 0.015625 0.066667
0 0.966797 0.463194 0.024219 0.095833
0 0.937500 0.476389 0.029687 0.077778
0 0.911328 0.427778 0.025781 0.091667
0 0.889453 0.384722 0.019531 0.083333
0 0.851953 0.373611 0.017969 0.075000
1 0.481250 0.361806 0.051562 0.123611
1 0.645312 0.890972 0.185938 0.218056
1 0.965625 0.683333 0.068750 0.163889
1 0.701562 0.381944 0.064062 0.091667
1 0.765234 0.370139 0.058594 0.095833
1 0.655078 0.272222 0.049219 0.069444
1 0.547266 0.260417 0.038281 0.090278
1 0.616797 0.209722 0.025781 0.055556
1 0.657031 0.206250 0.042188 0.045833
