0 0.200000 0.677778 0.039062 0.150000
0 0.318359 0.600694 0.028906 0.137500
0 0.352734 0.520139 0.025781 0.112500
0 0.385547 0.441667 0.022656 0.100000
0 0.308203 0.506944 0.028906 0.113889
0 0.255078 0.550000 0.032031 0.119444
0 0.253516 0.673611 0.042969 0.163889
0 0.366406 0.399306 0.015625 0.081944
0 0.406250 0.377083 0.017188 0.070833
0 0.381250 0.333333 0.015625 0.069444
1 0.467187 0.521528 0.079687 0.168056
1 0.491406 0.325000 0.048438 0.102778
1 0.580859 0.581250 0.075781 0.201389
1 0.555469 0.233333 0.028125 0.052778
1 0.643750 0.181944 0.029687 0.041667
1 0.800781 0.392361 0.081250 0.095833
