0 0.167969 0.918750 0.070312 0.162500
0 0.278125 0.620833 0.045312 0.169444
0 0.338281 0.534028 0.029687 0.145833
0 0.355859 0.435417 0.024219 0.106944
0 0.342578 0.392361 0.027344 0.098611
0 0.403125 0.381250 0.026562 0.106944
0 0.400391 0.300000 0.016406 0.069444
0 0.430859 0.298611 0.016406 0.066667
0 0.442188 0.253472 0.014063 0.062500
0 0.453516 0.183333 0.013281 0.055556
0 0.973047 0.487500 0.027344 0.094444
0 0.958203 0.443750 0.025781 0.084722
0 0.932422 0.412500 0.025781 0.086111
0 0.896094 0.409028 0.023438 0.081944
0 0.880078 0.374306 0.021094 0.090278
0 0.848828 0.323611 0.019531 0.077778
0 0.807422 0.320139 0.016406 0.054167
1 0.497266 0.318056 0.041406 0.075000
1 0.557813 0.268056 0.050000 0.083333
1 0.550000 0.197917 0.034375 0.079167
1 0.512891 0.170139 0.027344 0.051389
1 0.942187 0.883333 0.115625 0.233333
