0 0.376953 0.588194 0.035156 0.134722
0 0.342578 0.708333 0.038281 0.166667
0 0.266016 0.845139 0.058594 0.209722
0 0.276172 0.634722 0.039844 0.144444
0 0.328516 0.601389 0.032031 0.127778
0 0.170313 0.899306 0.056250 0.173611
0 0.389062 0.411806 0.023438 0.084722
0 0.451172 0.313194 0.011719 0.059722
0 0.476172 0.277083 0.013281 0.059722
0 0.505078 0.193750 0.008594 0.034722
0 0.481250 0.230556 0.012500 0.050000
1 0.595313 0.301389 0.045312 0.080556
1 0.550000 0.226389 0.029687 0.063889
1 0.580859 0.160417 0.028906 0.043056
1 0.549609 0.170833 0.032031 0.055556
1 0.546094 0.134028 0.021875 0.056944
1 0.816797 0.358333 0.067969 0.086111
1 0.945312 0.515972 0.109375 0.212500
1 0.650000 0.195139 0.026562 0.040278
1 0.666016 0.159028 0.021094 0.043056
0 0.761719 0.211806 0.012500 0.045833
0 0.791797 0.233333 0.013281 0.047222
