1 0.483203 0.376389 0.066406 0.166667
1 0.571094 0.334722 0.050000 0.080556
1 0.767969 0.469444 0.082812 0.119444
1 0.691797 0.325000 0.053906 0.091667
1 0.751172 0.306944 0.066406 0.105556
1 0.637891 0.213889 0.036719 0.083333
1 0.672266 0.203472 0.035156 0.070833
1 0.500391 0.257639 0.042969 0.076389
1 0.558203 0.235417 0.039844 0.068056
0 0.943750 0.433333 0.035937 0.094444
0 0.892969 0.364583 0.028125 0.073611
0 0.851562 0.364583 0.023438 0.076389
0 0.832422 0.326389 0.022656 0.055556
0 0.143750 0.900694 0.059375 0.198611
0 0.226562 0.860417 0.057813 0.229167
0 0.274219 0.675694 0.037500 0.159722
0 0.244531 0.595833 0.032813 0.138889
0 0.305859 0.473611 0.027344 0.102778
0 0.350000 0.536111 0.029687 0.127778
0 0.342969 0.469444 0.026562 0.080556
0 0.365234 0.386111 0.021094 0.086111
0 0.398438 0.348611 0.017188 0.069444
0 0.419922 0.361111 0.017969 0.077778
0 0.441797 0.285417 0.013281 0.054167
