0 0.272656 0.831250 0.053125 0.201389
0 0.140234 0.840278 0.050781 0.202778
0 0.182031 0.907639 0.057813 0.184722
0 0.198047 0.788194 0.052344 0.137500
0 0.280859 0.679861 0.044531 0.145833
0 0.330469 0.683333 0.043750 0.155556
0 0.351562 0.577778 0.039062 0.127778
0 0.279687 0.552778 0.032813 0.069444
0 0.329688 0.486111 0.023438 0.108333
0 0.345703 0.439583 0.016406 0.084722
0 0.357031 0.500694 0.031250 0.090278
0 0.394922 0.486111 0.021094 0.100000
0 0.379688 0.465278 0.021875 0.091667
0 0.893750 0.464583 0.028125 0.081944
0 0.950000 0.492361 0.032813 0.093056
0 0.848047 0.398611 0.024219 0.075000
0 0.816016 0.365972 0.022656 0.065278
1 0.630078 0.775000 0.128906 0.305556
1 0.464844 0.661111 0.087500 0.191667
1 0.747266 0.373611 0.058594 0.075000
1 0.571484 0.421528 0.053906 0.101389
1 0.567969 0.326389 0.045312 0.086111
1 0.493359 0.432639 0.060156 0.120833
