1 0.597656 0.495139 0.068750 0.151389
1 0.883984 0.696528 0.136719 0.187500
1 0.936719 0.592361 0.121875 0.140278
1 0.836719 0.432639 0.079687 0.093056
1 0.733594 0.394444 0.068750 0.083333
1 0.716016 0.285417 0.039844 0.059722
1 0.510156 0.313194 0.043750 0.068056
1 0.526172 0.200694 0.024219 0.045833
1 0.633594 0.206250 0.026562 0.037500
0 0.254297 0.754167 0.042969 0.180556
0 0.335938 0.462500 0.021875 0.108333
0 0.365625 0.502778 0.026562 0.113889
0 0.398438 0.468056 0.020313 0.102778
0 0.421094 0.401389 0.018750 0.091667
0 0.380859 0.359028 0.017969 0.059722
0 0.378125 0.425694 0.018750 0.079167
0 0.413672 0.333333 0.016406 0.069444
0 0.442969 0.309028 0.015625 0.065278
0 0.918359 0.404861 0.025781 0.076389
0 0.892969 0.367361 0.031250 0.059722
0 0.945703 0.470833 0.030469 0.077778
0 0.964453 0.441667 0.019531 0.088889
0 0.862891 0.341667 0.021094 0.066667
0 0.838672 0.341667 0.021094 0.063889
