0 0.219531 0.899306 0.056250 0.190278
0 0.169531 0.793056 0.051562 0.200000
0 0.220703 0.677778 0.041406 0.141667
0 0.293750 0.618056 0.034375 0.136111
0 0.333984 0.638889 0.035156 0.138889
0 0.296094 0.549306 0.035937 0.109722
0 0.355078 0.541667 0.036719 0.116667
0 0.337891 0.479167 0.025781 0.097222
0 0.393750 0.480556 0.026562 0.105556
0 0.376172 0.460417 0.019531 0.095833
0 0.364844 0.400694 0.017188 0.076389
0 0.396094 0.397917 0.015625 0.079167
0 0.420312 0.403472 0.020313 0.087500
0 0.395313 0.339583 0.017188 0.062500
0 0.417578 0.339583 0.019531 0.065278
0 0.442969 0.338889 0.015625 0.063889
0 0.958203 0.483333 0.025781 0.083333
0 0.987109 0.460417 0.022656 0.068056
0 0.905469 0.425694 0.021875 0.076389
0 0.922656 0.408333 0.020313 0.069444
0 0.853906 0.383333 0.015625 0.063889
1 0.490625 0.485417 0.064062 0.170833
1 0.603125 0.431944 0.062500 0.141667
1 0.950781 0.656250 0.098437 0.173611
1 0.832031 0.457639 0.081250 0.101389
1 0.769141 0.352083 0.060156 0.076389
1 0.723437 0.293750 0.046875 0.051389
1 0.676172 0.290972 0.050781 0.068056
1 0.684766 0.241667 0.036719 0.055556
1 0.519531 0.254167 0.032813 0.075000
1 0.567969 0.227083 0.031250 0.048611
1 0.528516 0.197917 0.030469 0.059722
