0 0.168359 0.872222 0.049219 0.150000
0 0.233594 0.860417 0.048438 0.184722
0 0.288672 0.856250 0.046094 0.173611
0 0.253906 0.713194 0.023438 0.115278
0 0.330469 0.656250 0.029687 0.129167
0 0.367969 0.590972 0.025000 0.106944
0 0.307422 0.627083 0.024219 0.115278
0 0.299219 0.562500 0.021875 0.086111
0 0.326953 0.509028 0.017969 0.073611
0 0.341406 0.561806 0.015625 0.095833
0 0.898828 0.502778 0.030469 0.091667
0 0.871484 0.447222 0.022656 0.072222
0 0.823828 0.436111 0.022656 0.063889
1 0.592187 0.623611 0.076563 0.144444
1 0.485156 0.456250 0.050000 0.101389
1 0.555859 0.429167 0.036719 0.083333
1 0.491406 0.375694 0.037500 0.062500
1 0.630078 0.336806 0.042969 0.059722
1 0.646875 0.304167 0.031250 0.041667
