0 0.175000 0.868056 0.040625 0.194444
0 0.231641 0.861806 0.039844 0.181944
0 0.242188 0.740278 0.037500 0.119444
0 0.263281 0.644444 0.028125 0.125000
0 0.308984 0.679167 0.036719 0.136111
0 0.298438 0.586806 0.026562 0.115278
0 0.329297 0.563194 0.022656 0.104167
0 0.357422 0.584028 0.027344 0.134722
0 0.392578 0.541667 0.022656 0.102778
0 0.338281 0.483333 0.020313 0.086111
0 0.412500 0.481250 0.021875 0.076389
0 0.355078 0.459028 0.014844 0.065278
0 0.387500 0.417361 0.014063 0.070833
0 0.927344 0.491667 0.035937 0.091667
0 0.980469 0.523611 0.032813 0.097222
0 0.872656 0.429167 0.028125 0.077778
0 0.839453 0.393056 0.025781 0.063889
0 0.808203 0.380556 0.024219 0.061111
1 0.612109 0.856944 0.132031 0.286111
1 0.763672 0.536111 0.096094 0.125000
1 0.751563 0.392361 0.056250 0.068056
1 0.653906 0.285417 0.037500 0.048611
1 0.605078 0.254861 0.025781 0.040278
1 0.592187 0.552083 0.070312 0.140278
1 0.481250 0.544444 0.062500 0.125000
1 0.488672 0.441667 0.055469 0.111111
1 0.570703 0.456250 0.053906 0.093056
1 0.561328 0.361111 0.041406 0.066667
1 0.498047 0.367361 0.039844 0.065278
1 0.494922 0.307639 0.035156 0.090278
1 0.544531 0.303472 0.037500 0.065278
