1 0.871875 0.613194 0.106250 0.129167
1 0.738281 0.447222 0.060937 0.069444
1 0.566016 0.490278 0.069531 0.163889
1 0.473438 0.483333 0.050000 0.108333
1 0.486328 0.393056 0.041406 0.075000
1 0.539062 0.360417 0.034375 0.076389
1 0.621094 0.346528 0.034375 0.056944
1 0.657813 0.338194 0.032813 0.054167
1 0.603516 0.312500 0.033594 0.041667
1 0.492969 0.332639 0.034375 0.062500
0 0.167187 0.900694 0.050000 0.198611
0 0.241016 0.909028 0.047656 0.176389
0 0.321484 0.747222 0.038281 0.155556
0 0.264062 0.709028 0.039062 0.131944
0 0.296875 0.567361 0.029687 0.104167
0 0.363672 0.584028 0.021094 0.101389
0 0.334766 0.524306 0.019531 0.076389
0 0.357422 0.477083 0.021094 0.084722
0 0.410938 0.452083 0.021875 0.076389
0 0.914062 0.502778 0.028125 0.069444
0 0.878125 0.495833 0.026562 0.077778
0 0.859375 0.449306 0.025000 0.070833
0 0.784375 0.390278 0.015625 0.050000
0 0.801172 0.425694 0.014844 0.062500
