0 0.182031 0.890278 0.056250 0.169444
0 0.183594 0.747222 0.057813 0.163889
0 0.298828 0.744444 0.036719 0.175000
0 0.257031 0.697222 0.037500 0.150000
0 0.271484 0.581944 0.033594 0.122222
0 0.328125 0.613889 0.031250 0.136111
0 0.303125 0.489583 0.023438 0.115278
0 0.332422 0.506250 0.028906 0.104167
0 0.366406 0.514583 0.029687 0.104167
0 0.388672 0.418750 0.019531 0.095833
0 0.339453 0.443056 0.021094 0.086111
0 0.360938 0.414583 0.023438 0.073611
0 0.971875 0.454167 0.034375 0.102778
0 0.909766 0.420833 0.027344 0.086111
0 0.880469 0.379167 0.025000 0.075000
0 0.814453 0.320139 0.022656 0.059722
0 0.775781 0.265972 0.018750 0.059722
0 0.752344 0.254167 0.015625 0.047222
1 0.642188 0.827778 0.137500 0.344444
1 0.437500 0.889583 0.121875 0.220833
1 0.767578 0.452778 0.094531 0.130556
1 0.491406 0.340278 0.051562 0.105556
1 0.565625 0.304167 0.045312 0.077778
1 0.496484 0.261111 0.038281 0.063889
1 0.702344 0.245139 0.051562 0.081944
1 0.640625 0.180556 0.029687 0.038889
1 0.555078 0.247222 0.032031 0.050000
1 0.508984 0.218750 0.030469 0.056944
1 0.547266 0.194444 0.028906 0.050000
