1 0.614453 0.655556 0.097656 0.236111
1 0.764453 0.397917 0.077344 0.095833
1 0.654687 0.320139 0.046875 0.076389
1 0.565234 0.459722 0.060156 0.127778
1 0.495312 0.370139 0.043750 0.073611
1 0.565625 0.361111 0.046875 0.083333
1 0.503906 0.316667 0.040625 0.072222
1 0.555078 0.318750 0.036719 0.059722
0 0.146484 0.913194 0.066406 0.173611
0 0.228906 0.776389 0.035937 0.169444
0 0.303906 0.762500 0.045312 0.180556
0 0.251563 0.852778 0.039062 0.183333
0 0.225000 0.692361 0.032813 0.129167
0 0.340625 0.661111 0.028125 0.141667
0 0.294922 0.664583 0.030469 0.109722
0 0.316406 0.600694 0.026562 0.101389
0 0.307031 0.522917 0.028125 0.093056
0 0.331250 0.484722 0.017188 0.097222
0 0.347266 0.515278 0.021094 0.094444
0 0.367188 0.565278 0.021875 0.113889
0 0.394531 0.506944 0.021875 0.108333
0 0.371875 0.463194 0.018750 0.090278
0 0.356641 0.443750 0.016406 0.065278
0 0.391406 0.429167 0.018750 0.077778
0 0.417187 0.398611 0.017188 0.077778
0 0.433594 0.390972 0.018750 0.070833
0 0.962109 0.504861 0.030469 0.095833
0 0.925781 0.471528 0.028125 0.084722
0 0.934766 0.425000 0.025781 0.077778
0 0.891797 0.419444 0.035156 0.069444
0 0.852734 0.406944 0.024219 0.077778
0 0.807031 0.350694 0.021875 0.065278
0 0.756250 0.302778 0.014063 0.047222
