1 0.592969 0.350694 0.054688 0.095833
1 0.524609 0.303472 0.042969 0.073611
1 0.676953 0.268750 0.042969 0.062500
1 0.535547 0.234028 0.042969 0.081944
1 0.646094 0.208333 0.031250 0.044444
1 0.698828 0.244444 0.036719 0.052778
0 0.406641 0.483333 0.028906 0.108333
0 0.384766 0.423611 0.025781 0.097222
0 0.437500 0.395833 0.020313 0.091667
0 0.887109 0.392361 0.019531 0.070833
0 0.826953 0.329167 0.019531 0.063889
0 0.848437 0.335417 0.017188 0.059722
0 0.964063 0.471528 0.032813 0.087500
0 0.927344 0.433333 0.031250 0.075000
