0 0.200000 0.927083 0.057813 0.145833
0 0.273828 0.852778 0.046094 0.186111
0 0.227734 0.764583 0.038281 0.176389
0 0.852734 0.484722 0.022656 0.080556
0 0.784766 0.410417 0.025781 0.059722
0 0.288281 0.696528 0.031250 0.145833
0 0.266797 0.629167 0.028906 0.125000
0 0.310547 0.537500 0.027344 0.088889
0 0.334375 0.578472 0.029687 0.120833
0 0.357422 0.543750 0.019531 0.104167
0 0.386719 0.512500 0.020313 0.094444
1 0.444922 0.646528 0.064844 0.154167
1 0.857422 0.614583 0.099219 0.118056
1 0.776172 0.501389 0.072656 0.091667
1 0.471875 0.457639 0.050000 0.101389
1 0.667969 0.457639 0.062500 0.079167
1 0.711328 0.425694 0.050781 0.076389
1 0.675000 0.368750 0.034375 0.051389
3 0.545312 0.452083 0.073438 0.195833
