1 0.595313 0.614583 0.085938 0.181944
1 0.437500 0.636111 0.103125 0.236111
0 0.296875 0.660417 0.039062 0.173611
0 0.375000 0.455556 0.023438 0.100000
0 0.350781 0.418056 0.020313 0.097222
0 0.412500 0.376389 0.020313 0.083333
0 0.426953 0.311111 0.016406 0.072222
1 0.493750 0.328472 0.045312 0.073611
1 0.569531 0.282639 0.043750 0.087500
1 0.567578 0.400694 0.052344 0.098611
1 0.511719 0.206250 0.031250 0.062500
1 0.669141 0.290972 0.049219 0.073611
1 0.758984 0.333333 0.060156 0.083333
0 0.900391 0.425000 0.025781 0.077778
0 0.868750 0.360417 0.023438 0.068056
0 0.306250 0.521528 0.029687 0.126389
0 0.558984 0.212500 0.028906 0.050000
0 0.655859 0.186111 0.028906 0.047222
0 0.945312 0.472917 0.028125 0.093056
