1 0.550000 0.344444 0.050000 0.088889
1 0.442188 0.515972 0.065625 0.145833
1 0.620703 0.817361 0.136719 0.340278
1 0.474219 0.267361 0.039062 0.095833
1 0.775391 0.529861 0.094531 0.123611
0 0.160547 0.749306 0.047656 0.176389
0 0.267969 0.602778 0.031250 0.136111
0 0.329297 0.526389 0.025781 0.127778
0 0.360547 0.483333 0.021094 0.113889
0 0.430469 0.261111 0.014063 0.058333
0 0.415234 0.306250 0.019531 0.056944
0 0.769141 0.306944 0.019531 0.058333
0 0.796875 0.345139 0.017188 0.059722
0 0.697656 0.229167 0.012500 0.038889
0 0.714453 0.231250 0.011719 0.037500
0 0.889062 0.443056 0.025000 0.080556
