0 0.064844 0.920139 0.068750 0.159722
0 0.153906 0.920139 0.060937 0.159722
0 0.225000 0.877778 0.045312 0.205556
0 0.260937 0.747222 0.032813 0.166667
0 0.318359 0.697917 0.033594 0.148611
0 0.296094 0.656944 0.025000 0.141667
0 0.262109 0.590278 0.025781 0.119444
0 0.304688 0.513889 0.023438 0.102778
0 0.327734 0.545139 0.021094 0.118056
0 0.367969 0.528472 0.021875 0.115278
0 0.396875 0.472222 0.017188 0.077778
0 0.336719 0.455556 0.023438 0.097222
0 0.392969 0.429167 0.015625 0.083333
0 0.414062 0.416667 0.017188 0.080556
0 0.391016 0.350694 0.017969 0.068056
0 0.922656 0.502778 0.032813 0.094444
0 0.961328 0.500000 0.027344 0.091667
0 0.986719 0.560417 0.026562 0.106944
0 0.894922 0.452778 0.017969 0.080556
0 0.862109 0.438194 0.022656 0.070833
1 0.466016 0.597222 0.075781 0.202778
1 0.615625 0.763889 0.115625 0.250000
1 0.563672 0.399306 0.055469 0.112500
1 0.499609 0.322917 0.041406 0.068056
1 0.557031 0.284028 0.035937 0.098611
1 0.510547 0.264583 0.032031 0.059722
1 0.821094 0.483333 0.079687 0.122222
1 0.770703 0.403472 0.055469 0.076389
1 0.707422 0.335417 0.041406 0.059722
1 0.681250 0.299306 0.034375 0.065278
1 0.651172 0.251389 0.030469 0.050000
