0 0.123047 0.840972 0.050781 0.201389
0 0.181641 0.918056 0.057031 0.163889
0 0.181250 0.796528 0.053125 0.154167
0 0.212109 0.711806 0.032031 0.148611
0 0.254688 0.812500 0.040625 0.180556
0 0.286328 0.683333 0.039844 0.130556
0 0.296875 0.615972 0.042188 0.109722
0 0.271094 0.572222 0.031250 0.119444
0 0.342187 0.584028 0.020313 0.120833
0 0.352734 0.502778 0.027344 0.088889
0 0.296094 0.486111 0.034375 0.088889
0 0.323047 0.449306 0.024219 0.093056
0 0.387109 0.447917 0.024219 0.095833
0 0.899609 0.458333 0.027344 0.094444
0 0.937891 0.448611 0.022656 0.080556
0 0.981250 0.543750 0.035937 0.106944
0 0.959375 0.495833 0.023438 0.102778
1 0.459375 0.604167 0.089063 0.244444
1 0.568359 0.442361 0.060156 0.134722
1 0.699219 0.379861 0.065625 0.118056
1 0.799609 0.600000 0.103906 0.163889
1 0.832422 0.469444 0.096094 0.163889
1 0.627344 0.250694 0.035937 0.065278
1 0.679688 0.271528 0.039062 0.056944
1 0.537500 0.186806 0.023438 0.043056
