1 0.628516 0.818056 0.157031 0.363889
1 0.569531 0.476389 0.079687 0.163889
1 0.918359 0.500694 0.163281 0.206944
1 0.716406 0.261111 0.053125 0.077778
1 0.640234 0.205556 0.039844 0.058333
1 0.560156 0.312500 0.046875 0.102778
1 0.483203 0.327083 0.047656 0.093056
1 0.548047 0.188194 0.035156 0.068056
1 0.612891 0.147917 0.033594 0.070833
1 0.493750 0.189583 0.032813 0.068056
0 0.101172 0.918750 0.060156 0.162500
0 0.150781 0.771528 0.048438 0.212500
0 0.207031 0.806944 0.046875 0.180556
0 0.277344 0.713194 0.045312 0.198611
0 0.232422 0.681944 0.039844 0.161111
0 0.195312 0.633333 0.048438 0.158333
0 0.275391 0.529167 0.033594 0.127778
0 0.337500 0.532639 0.031250 0.134722
0 0.313281 0.510417 0.029687 0.123611
0 0.291406 0.463194 0.023438 0.104167
0 0.326562 0.436806 0.023438 0.090278
0 0.369531 0.454167 0.028125 0.111111
0 0.401562 0.347222 0.018750 0.086111
0 0.416797 0.296528 0.014844 0.073611
0 0.375000 0.372917 0.026562 0.095833
0 0.351562 0.368056 0.023438 0.088889
0 0.334375 0.352083 0.017188 0.079167
0 0.865234 0.338889 0.027344 0.072222
0 0.776563 0.250694 0.017188 0.045833
