0 0.123047 0.890972 0.060156 0.218056
0 0.185938 0.922917 0.070312 0.154167
0 0.224219 0.759722 0.045312 0.200000
0 0.168359 0.688194 0.049219 0.176389
0 0.256250 0.581944 0.048438 0.136111
0 0.276562 0.470833 0.025000 0.111111
0 0.309375 0.481250 0.025000 0.123611
0 0.353906 0.492361 0.025000 0.123611
0 0.337500 0.397917 0.017188 0.104167
0 0.389453 0.400694 0.017969 0.093056
0 0.367188 0.421528 0.017188 0.095833
0 0.367969 0.342361 0.015625 0.070833
0 0.966797 0.512500 0.024219 0.097222
0 0.951172 0.436806 0.022656 0.073611
0 0.914062 0.427778 0.026562 0.088889
0 0.852344 0.393750 0.021875 0.081944
1 0.823828 0.454861 0.089844 0.109722
1 0.696094 0.368750 0.062500 0.087500
1 0.685547 0.252083 0.041406 0.059722
1 0.629297 0.235417 0.033594 0.051389
