0 0.132422 0.877083 0.060156 0.204167
0 0.189062 0.879167 0.045312 0.208333
0 0.235156 0.914583 0.054688 0.170833
0 0.317188 0.760417 0.048438 0.181944
0 0.275000 0.747222 0.042188 0.163889
0 0.225391 0.704167 0.038281 0.158333
0 0.260547 0.604861 0.038281 0.118056
0 0.330078 0.557639 0.024219 0.115278
0 0.316016 0.515972 0.027344 0.098611
0 0.362109 0.570139 0.030469 0.123611
0 0.396875 0.467361 0.029687 0.090278
0 0.344922 0.437500 0.024219 0.086111
0 0.414844 0.407639 0.017188 0.073611
0 0.930078 0.482639 0.036719 0.101389
0 0.976953 0.506944 0.041406 0.086111
0 0.862891 0.422222 0.033594 0.061111
0 0.824609 0.383333 0.021094 0.061111
0 0.905078 0.429167 0.027344 0.086111
1 0.467578 0.615278 0.086719 0.205556
1 0.821094 0.629861 0.128125 0.173611
1 0.853125 0.505556 0.103125 0.125000
1 0.573047 0.429861 0.071094 0.173611
1 0.494531 0.361111 0.043750 0.080556
1 0.501563 0.290972 0.032813 0.054167
1 0.555469 0.325000 0.048438 0.083333
1 0.660547 0.259722 0.030469 0.044444
1 0.700781 0.291667 0.050000 0.086111
1 0.555078 0.262500 0.036719 0.058333
