0 0.246094 0.909028 0.054688 0.181944
0 0.204687 0.809028 0.053125 0.193056
0 0.275000 0.784028 0.051562 0.170833
0 0.283203 0.656944 0.038281 0.127778
0 0.329297 0.672917 0.035156 0.140278
0 0.292187 0.552083 0.031250 0.095833
0 0.328125 0.538194 0.021875 0.106944
0 0.349609 0.596528 0.027344 0.118056
0 0.364063 0.516667 0.028125 0.100000
0 0.397266 0.504167 0.025781 0.111111
0 0.353516 0.459722 0.021094 0.091667
0 0.977734 0.522917 0.035156 0.106944
0 0.938672 0.482639 0.036719 0.095833
0 0.894922 0.454861 0.030469 0.087500
0 0.869531 0.412500 0.026562 0.077778
0 0.832031 0.377778 0.023438 0.066667
1 0.456641 0.651389 0.091406 0.211111
1 0.591406 0.627778 0.095312 0.219444
1 0.483203 0.415278 0.052344 0.100000
1 0.576172 0.371528 0.049219 0.093056
1 0.638281 0.295139 0.037500 0.065278
1 0.685547 0.290278 0.042969 0.058333
1 0.745313 0.366667 0.057813 0.069444
1 0.553516 0.277778 0.033594 0.066667
1 0.505859 0.300000 0.042969 0.069444
1 0.644531 0.226389 0.031250 0.055556
