0 0.112500 0.893750 0.071875 0.212500
0 0.231641 0.822917 0.049219 0.218056
0 0.265625 0.638194 0.039062 0.162500
0 0.324609 0.647222 0.032031 0.161111
0 0.358594 0.535417 0.031250 0.134722
0 0.313672 0.531250 0.032031 0.120833
0 0.364844 0.453472 0.023438 0.084722
0 0.326562 0.451389 0.028125 0.097222
0 0.342187 0.393750 0.020313 0.079167
0 0.386328 0.417361 0.021094 0.090278
0 0.366406 0.354167 0.015625 0.077778
0 0.426172 0.364583 0.016406 0.079167
0 0.383203 0.359722 0.016406 0.063889
0 0.387500 0.314583 0.017188 0.062500
0 0.433984 0.283333 0.011719 0.058333
0 0.451953 0.282639 0.014844 0.059722
0 0.421875 0.315972 0.014063 0.065278
0 0.410547 0.268056 0.013281 0.055556
0 0.960938 0.438889 0.025000 0.088889
0 0.889062 0.392361 0.026562 0.073611
0 0.221094 0.712500 0.031250 0.141667
0 0.221094 0.624306 0.028125 0.098611
1 0.477344 0.477083 0.071875 0.156944
1 0.807422 0.513194 0.103906 0.143056
1 0.809766 0.377083 0.080469 0.101389
1 0.697656 0.309722 0.053125 0.069444
1 0.582422 0.338889 0.049219 0.088889
1 0.507031 0.263889 0.042188 0.077778
1 0.567969 0.236111 0.034375 0.063889
1 0.562109 0.186111 0.030469 0.050000
1 0.517969 0.209028 0.028125 0.051389
1 0.661719 0.247917 0.040625 0.065278
1 0.711719 0.248611 0.043750 0.061111
1 0.668359 0.190278 0.033594 0.044444
1 0.614453 0.157639 0.025781 0.031944
