0 0.260547 0.825694 0.050781 0.204167
0 0.162109 0.862500 0.047656 0.219444
0 0.246094 0.723611 0.039062 0.188889
0 0.246484 0.614583 0.039844 0.129167
0 0.328516 0.691667 0.044531 0.166667
0 0.315625 0.609722 0.037500 0.150000
0 0.285547 0.525694 0.032031 0.123611
0 0.372656 0.525694 0.028125 0.126389
0 0.334766 0.512500 0.030469 0.111111
0 0.357422 0.430556 0.021094 0.105556
0 0.390234 0.463889 0.022656 0.108333
0 0.425391 0.372917 0.019531 0.084722
0 0.402344 0.408333 0.023438 0.088889
0 0.376172 0.360417 0.016406 0.081944
0 0.390625 0.376389 0.017188 0.077778
0 0.446875 0.327083 0.018750 0.079167
0 0.969531 0.449306 0.029687 0.098611
0 0.931641 0.401389 0.027344 0.080556
0 0.889062 0.363889 0.025000 0.072222
0 0.862500 0.348611 0.021875 0.063889
0 0.912109 0.363194 0.022656 0.081944
1 0.792188 0.468750 0.107813 0.162500
1 0.775000 0.322222 0.065625 0.088889
1 0.645703 0.786111 0.136719 0.347222
1 0.469141 0.715972 0.111719 0.259722
1 0.503125 0.431944 0.064062 0.141667
1 0.582422 0.311111 0.047656 0.075000
1 0.661719 0.239583 0.039062 0.051389
1 0.560547 0.225694 0.030469 0.054167
1 0.636719 0.186111 0.028125 0.044444
1 0.706641 0.236806 0.039844 0.056944
