1 0.475000 0.618056 0.081250 0.200000
1 0.596094 0.479861 0.073438 0.151389
1 0.501953 0.357639 0.046094 0.112500
1 0.513281 0.286806 0.035937 0.076389
1 0.522266 0.232639 0.027344 0.048611
1 0.561719 0.206250 0.026562 0.068056
1 0.666406 0.289583 0.040625 0.079167
1 0.714453 0.284722 0.044531 0.072222
1 0.673047 0.230556 0.030469 0.050000
1 0.632031 0.227083 0.028125 0.045833
3 0.778906 0.438889 0.171875 0.311111
0 0.226172 0.857639 0.050781 0.201389
0 0.141406 0.820833 0.054688 0.177778
0 0.238672 0.633333 0.033594 0.144444
0 0.274219 0.658333 0.032813 0.161111
0 0.331250 0.631250 0.035937 0.131944
0 0.317578 0.534722 0.022656 0.125000
0 0.394141 0.491667 0.021094 0.097222
0 0.362500 0.504861 0.018750 0.090278
0 0.339453 0.556944 0.022656 0.108333
0 0.325391 0.473611 0.021094 0.072222
0 0.349219 0.426389 0.017188 0.086111
0 0.376563 0.388889 0.018750 0.072222
0 0.419141 0.404167 0.017969 0.077778
0 0.401172 0.439583 0.016406 0.059722
0 0.395703 0.352778 0.011719 0.061111
0 0.971875 0.498611 0.026562 0.088889
0 0.929297 0.477778 0.016406 0.086111
0 0.946875 0.454861 0.017188 0.090278
0 0.893750 0.410417 0.018750 0.076389
0 0.832031 0.361806 0.017188 0.059722
