1 0.462891 0.731250 0.099219 0.254167
1 0.611328 0.747222 0.102344 0.205556
1 0.583594 0.517361 0.068750 0.109722
1 0.487109 0.497917 0.058594 0.098611
1 0.483984 0.387500 0.044531 0.130556
1 0.553125 0.406944 0.050000 0.102778
1 0.623047 0.318750 0.033594 0.056944
1 0.544531 0.320833 0.039062 0.061111
1 0.640234 0.285417 0.028906 0.040278
1 0.708594 0.366667 0.056250 0.063889
1 0.612109 0.250000 0.024219 0.036111
1 0.499219 0.313194 0.028125 0.048611
1 0.499609 0.272222 0.022656 0.041667
0 0.159375 0.883333 0.048438 0.183333
0 0.259766 0.902778 0.042969 0.130556
0 0.311719 0.818750 0.034375 0.181944
0 0.245312 0.808333 0.043750 0.163889
0 0.237109 0.722917 0.030469 0.126389
0 0.287109 0.744444 0.032031 0.147222
0 0.279687 0.631250 0.028125 0.112500
0 0.336719 0.704861 0.032813 0.137500
0 0.374219 0.581250 0.029687 0.109722
0 0.337891 0.612500 0.024219 0.097222
0 0.328516 0.582639 0.022656 0.104167
0 0.359766 0.537500 0.024219 0.091667
0 0.406641 0.484028 0.025781 0.090278
0 0.388672 0.457639 0.017969 0.090278
0 0.898047 0.468056 0.027344 0.077778
0 0.850000 0.426389 0.025000 0.069444
3 0.849609 0.595833 0.197656 0.325000
