0 0.271484 0.692361 0.032031 0.148611
0 0.339062 0.693056 0.032813 0.150000
0 0.181641 0.896528 0.047656 0.206944
0 0.348047 0.595833 0.032031 0.108333
0 0.392578 0.533333 0.017969 0.094444
0 0.387891 0.472917 0.021094 0.081944
0 0.447266 0.388889 0.013281 0.055556
0 0.417187 0.420833 0.014063 0.066667
0 0.973828 0.565972 0.036719 0.095833
0 0.921875 0.554861 0.023438 0.087500
0 0.912891 0.514583 0.028906 0.076389
0 0.877734 0.489583 0.022656 0.076389
0 0.848828 0.479167 0.021094 0.066667
1 0.693359 0.446528 0.053906 0.081944
1 0.852734 0.572222 0.092969 0.125000
1 0.503906 0.368056 0.035937 0.097222
3 0.560937 0.340972 0.048438 0.118056
3 0.681641 0.321528 0.053906 0.093056
1 0.640234 0.356944 0.033594 0.052778
