1 0.525000 0.454861 0.081250 0.248611
0 0.381250 0.601389 0.035937 0.150000
0 0.345313 0.564583 0.035937 0.129167
0 0.212891 0.809722 0.067969 0.177778
0 0.443359 0.347222 0.021094 0.077778
0 0.467578 0.322222 0.021094 0.077778
0 0.497266 0.229167 0.022656 0.044444
0 0.479687 0.250000 0.025000 0.063889
1 0.590625 0.192361 0.032813 0.062500
1 0.558203 0.148611 0.027344 0.036111
1 0.696094 0.179167 0.039062 0.058333
1 0.741016 0.242361 0.049219 0.068056
0 0.816016 0.240278 0.016406 0.047222
0 0.828516 0.262500 0.024219 0.063889
0 0.853516 0.265972 0.021094 0.059722
0 0.865625 0.306944 0.026562 0.080556
0 0.915234 0.331250 0.035156 0.087500
0 0.962891 0.405556 0.027344 0.100000
