1 0.471875 0.545139 0.059375 0.131944
1 0.881250 0.775000 0.162500 0.225000
1 0.560547 0.374306 0.039844 0.070833
1 0.661328 0.380556 0.041406 0.063889
3 0.492578 0.361111 0.055469 0.150000
0 0.272656 0.632639 0.034375 0.126389
0 0.190234 0.848611 0.049219 0.155556
0 0.261719 0.793750 0.045312 0.131944
0 0.328125 0.722222 0.029687 0.155556
0 0.294531 0.689583 0.035937 0.140278
0 0.352734 0.647222 0.027344 0.127778
0 0.369922 0.581944 0.028906 0.111111
0 0.337500 0.495139 0.018750 0.093056
0 0.390234 0.515972 0.022656 0.079167
0 0.857031 0.447917 0.021875 0.068056
0 0.921094 0.501389 0.032813 0.077778
