1 0.648047 0.268750 0.038281 0.048611
1 0.621484 0.201389 0.028906 0.044444
1 0.682422 0.253472 0.039844 0.054167
1 0.756641 0.331250 0.066406 0.104167
1 0.790234 0.540972 0.096094 0.137500
0 0.149219 0.922917 0.065625 0.154167
0 0.293750 0.539583 0.037500 0.140278
0 0.358594 0.529861 0.032813 0.120833
0 0.441016 0.310417 0.017969 0.068056
0 0.455859 0.259722 0.014844 0.050000
0 0.429688 0.263889 0.014063 0.052778
0 0.400781 0.331944 0.017188 0.069444
0 0.410156 0.293750 0.014063 0.054167
0 0.926172 0.450000 0.028906 0.083333
0 0.883594 0.422222 0.029687 0.075000
0 0.867188 0.367361 0.021875 0.068056
0 0.835938 0.366667 0.025000 0.072222
