1 0.568750 0.332639 0.046875 0.087500
1 0.500391 0.286806 0.041406 0.070833
0 0.357422 0.473611 0.032031 0.116667
0 0.391406 0.386111 0.020313 0.086111
0 0.440234 0.277778 0.014844 0.058333
1 0.518359 0.152778 0.022656 0.050000
1 0.611328 0.163194 0.025781 0.051389
1 0.644531 0.168750 0.020313 0.040278
0 0.250781 0.834722 0.054688 0.244444
1 0.858203 0.475694 0.091406 0.112500
0 0.929688 0.400000 0.026562 0.072222
1 0.712891 0.260417 0.042969 0.062500
0 0.858203 0.351389 0.019531 0.063889
1 0.554297 0.172917 0.027344 0.040278
