0 0.312891 0.683333 0.047656 0.172222
0 0.317969 0.555556 0.032813 0.111111
0 0.382812 0.563889 0.028125 0.127778
0 0.373047 0.479167 0.025781 0.100000
0 0.400781 0.435417 0.025000 0.098611
0 0.419531 0.368750 0.018750 0.081944
0 0.428516 0.325694 0.016406 0.068056
0 0.460547 0.319444 0.017969 0.069444
0 0.879687 0.404861 0.029687 0.068056
0 0.923438 0.449306 0.032813 0.084722
1 0.914453 0.562500 0.113281 0.125000
1 0.501563 0.440972 0.068750 0.193056
1 0.523438 0.270833 0.035937 0.055556
1 0.572266 0.272917 0.041406 0.062500
