0 0.273828 0.857639 0.044531 0.181944
0 0.209375 0.796528 0.043750 0.181944
0 0.265625 0.636806 0.028125 0.106944
0 0.274219 0.741667 0.035937 0.125000
0 0.335938 0.677778 0.032813 0.141667
0 0.316797 0.550000 0.022656 0.094444
0 0.324219 0.613194 0.023438 0.112500
0 0.367188 0.572917 0.028125 0.112500
0 0.387500 0.531250 0.017188 0.090278
0 0.427344 0.430556 0.015625 0.063889
0 0.863672 0.485417 0.027344 0.081944
0 0.843750 0.428472 0.023438 0.068056
0 0.932031 0.556944 0.029687 0.086111
0 0.781641 0.402083 0.019531 0.054167
1 0.783594 0.620833 0.104688 0.141667
1 0.469141 0.635417 0.082031 0.176389
1 0.580469 0.562500 0.070312 0.163889
1 0.751953 0.438194 0.060156 0.081944
1 0.689063 0.369444 0.043750 0.058333
1 0.486328 0.432639 0.055469 0.098611
1 0.554297 0.370139 0.041406 0.076389
1 0.498047 0.344444 0.035156 0.052778
