0 0.181250 0.686111 0.040625 0.172222
0 0.340234 0.518056 0.030469 0.125000
0 0.404687 0.338889 0.015625 0.072222
0 0.439063 0.249306 0.014063 0.054167
0 0.299609 0.662500 0.035156 0.158333
0 0.258984 0.645833 0.041406 0.152778
1 0.726953 0.412500 0.074219 0.125000
1 0.801562 0.393750 0.075000 0.084722
1 0.661719 0.274306 0.046875 0.065278
1 0.626953 0.212500 0.032031 0.047222
1 0.622656 0.151389 0.020313 0.036111
0 0.300000 0.425694 0.023438 0.098611
0 0.786328 0.291667 0.016406 0.055556
0 0.760156 0.270139 0.014063 0.056944
0 0.808984 0.279167 0.013281 0.047222
0 0.819141 0.320139 0.017969 0.062500
