0 0.080078 0.854861 0.072656 0.259722
0 0.260547 0.712500 0.058594 0.225000
0 0.202344 0.597917 0.042188 0.184722
0 0.279297 0.547222 0.039844 0.144444
0 0.319922 0.441667 0.027344 0.127778
0 0.363281 0.442361 0.026562 0.115278
0 0.300391 0.418056 0.022656 0.100000
0 0.352734 0.390278 0.022656 0.105556
0 0.353906 0.287500 0.020313 0.086111
0 0.398438 0.329861 0.026562 0.101389
0 0.970703 0.363194 0.033594 0.101389
0 0.947656 0.324306 0.028125 0.087500
0 0.924219 0.343056 0.025000 0.091667
0 0.867578 0.272917 0.022656 0.070833
0 0.904687 0.306250 0.025000 0.076389
0 0.837109 0.241667 0.022656 0.066667
0 0.804297 0.211111 0.019531 0.061111
1 0.747656 0.306250 0.079687 0.112500
1 0.468359 0.461111 0.072656 0.163889
1 0.572266 0.278472 0.049219 0.126389
1 0.638281 0.120139 0.035937 0.056944
1 0.485547 0.288194 0.067969 0.176389
1 0.571875 0.173611 0.045312 0.069444
1 0.503125 0.152778 0.046875 0.102778
