0 0.215625 0.944444 0.056250 0.111111
0 0.171094 0.926389 0.051562 0.147222
0 0.156641 0.847917 0.055469 0.195833
0 0.226562 0.683333 0.039062 0.163889
0 0.293359 0.683333 0.038281 0.152778
0 0.320703 0.532639 0.022656 0.120833
0 0.353125 0.484028 0.023438 0.095833
0 0.389844 0.498611 0.025000 0.105556
0 0.353906 0.427083 0.021875 0.081944
0 0.393750 0.417361 0.021875 0.076389
0 0.428125 0.404861 0.015625 0.079167
0 0.408984 0.373611 0.016406 0.072222
0 0.415234 0.327083 0.014844 0.054167
0 0.452734 0.342361 0.013281 0.059722
0 0.972656 0.497222 0.031250 0.083333
0 0.955078 0.453472 0.022656 0.087500
0 0.910547 0.431250 0.024219 0.068056
0 0.876953 0.406250 0.017969 0.070833
0 0.853125 0.382639 0.015625 0.059722
0 0.839453 0.342361 0.016406 0.059722
0 0.819531 0.344444 0.015625 0.061111
1 0.464062 0.690278 0.089063 0.230556
1 0.606641 0.557639 0.089844 0.179167
1 0.860938 0.668056 0.104688 0.188889
1 0.808203 0.413194 0.072656 0.101389
1 0.707812 0.281250 0.040625 0.051389
1 0.589063 0.386111 0.059375 0.105556
1 0.512500 0.360417 0.051562 0.137500
1 0.568750 0.240972 0.037500 0.056944
1 0.530078 0.220833 0.030469 0.055556
1 0.628906 0.215972 0.020313 0.040278
1 0.678906 0.241667 0.031250 0.047222
1 0.660156 0.206944 0.023438 0.038889
