0 0.121094 0.869444 0.043750 0.208333
0 0.185547 0.818750 0.042969 0.145833
0 0.242578 0.809722 0.033594 0.175000
0 0.305469 0.742361 0.034375 0.162500
0 0.251172 0.696528 0.042969 0.123611
0 0.307812 0.637500 0.037500 0.100000
0 0.344922 0.615278 0.027344 0.127778
0 0.308594 0.515278 0.025000 0.116667
0 0.342187 0.535417 0.025000 0.101389
0 0.392188 0.486111 0.020313 0.102778
0 0.336719 0.452778 0.017188 0.080556
0 0.207813 0.958333 0.037500 0.083333
0 0.164062 0.939583 0.042188 0.115278
0 0.964453 0.543056 0.027344 0.094444
0 0.961328 0.498611 0.028906 0.086111
0 0.923828 0.452778 0.027344 0.077778
0 0.873437 0.426389 0.020313 0.077778
0 0.844531 0.415278 0.017188 0.077778
0 0.860156 0.391667 0.017188 0.063889
3 0.620703 0.652778 0.155469 0.502778
1 0.452734 0.677778 0.083594 0.266667
1 0.477344 0.521528 0.064062 0.145833
1 0.573438 0.397222 0.046875 0.113889
1 0.802734 0.589583 0.113281 0.154167
1 0.816016 0.465278 0.080469 0.108333
1 0.747266 0.379861 0.060156 0.076389
1 0.697656 0.313194 0.043750 0.054167
1 0.555469 0.309722 0.034375 0.072222
1 0.505469 0.292361 0.026562 0.059722
1 0.667969 0.263889 0.029687 0.055556
1 0.618359 0.251389 0.028906 0.047222
