0 0.244922 0.772222 0.057031 0.225000
0 0.125000 0.909028 0.076563 0.181944
0 0.180859 0.749306 0.047656 0.204167
0 0.182422 0.610417 0.050781 0.126389
0 0.264062 0.438194 0.034375 0.134722
0 0.304297 0.429861 0.035156 0.134722
0 0.344531 0.456250 0.035937 0.131944
0 0.326562 0.316667 0.023438 0.069444
0 0.335938 0.373611 0.028125 0.105556
0 0.378125 0.379167 0.028125 0.108333
0 0.362500 0.295833 0.021875 0.105556
0 0.925391 0.295833 0.027344 0.086111
0 0.980859 0.356250 0.038281 0.081944
0 0.898047 0.304861 0.025781 0.087500
0 0.820312 0.213889 0.018750 0.058333
0 0.842578 0.213194 0.021094 0.068056
0 0.857422 0.261111 0.021094 0.077778
1 0.885938 0.591667 0.156250 0.219444
1 0.494922 0.308333 0.057031 0.125000
1 0.581250 0.270833 0.060937 0.125000
1 0.636719 0.114583 0.042188 0.065278
1 0.501953 0.204861 0.041406 0.081944
1 0.565625 0.165278 0.048438 0.075000
