0 0.140234 0.856250 0.050781 0.223611
0 0.225391 0.771528 0.041406 0.176389
0 0.277734 0.759028 0.038281 0.173611
0 0.327344 0.629861 0.032813 0.154167
0 0.249609 0.604167 0.032031 0.136111
0 0.268750 0.658333 0.034375 0.144444
0 0.295312 0.509028 0.025000 0.109722
0 0.366406 0.540278 0.023438 0.116667
0 0.339062 0.508333 0.026562 0.105556
0 0.318750 0.470833 0.021875 0.097222
0 0.399609 0.447917 0.022656 0.087500
0 0.345703 0.430556 0.013281 0.080556
0 0.361328 0.452778 0.017969 0.086111
0 0.880859 0.432639 0.024219 0.076389
0 0.859766 0.403472 0.022656 0.070833
0 0.820312 0.367361 0.018750 0.065278
0 0.753516 0.306944 0.016406 0.055556
0 0.789844 0.349306 0.017188 0.051389
0 0.775781 0.318056 0.017188 0.058333
0 0.803906 0.335417 0.015625 0.062500
1 0.461328 0.580556 0.080469 0.163889
1 0.579297 0.475000 0.061719 0.116667
1 0.484375 0.374306 0.051562 0.106944
1 0.556250 0.336111 0.045312 0.088889
1 0.498828 0.298611 0.036719 0.069444
1 0.550000 0.264583 0.034375 0.062500
1 0.506641 0.254861 0.032031 0.056944
1 0.689063 0.288194 0.037500 0.054167
1 0.658203 0.256944 0.032031 0.041667
1 0.610156 0.219444 0.023438 0.041667
1 0.630859 0.206944 0.024219 0.038889
