1 0.472266 0.606944 0.085156 0.219444
1 0.602344 0.520139 0.084375 0.156944
0 0.240234 0.772222 0.049219 0.186111
0 0.332031 0.593750 0.034375 0.143056
0 0.301953 0.522222 0.028906 0.125000
0 0.355859 0.436111 0.025781 0.100000
0 0.420312 0.354861 0.021875 0.079167
1 0.498047 0.354861 0.050781 0.106944
1 0.576172 0.376389 0.055469 0.108333
1 0.746484 0.415278 0.078906 0.113889
1 0.653906 0.238889 0.043750 0.077778
1 0.687500 0.220139 0.025000 0.054167
1 0.715625 0.276389 0.046875 0.058333
1 0.896484 0.502083 0.119531 0.143056
0 0.814453 0.322222 0.017969 0.061111
0 0.845703 0.325694 0.021094 0.056944
0 0.866016 0.360417 0.021094 0.065278
1 0.558594 0.201389 0.026562 0.047222
1 0.520703 0.190972 0.024219 0.043056
0 0.452344 0.259722 0.014063 0.055556
