0 0.187500 0.845139 0.046875 0.215278
0 0.146875 0.781250 0.048438 0.190278
0 0.182812 0.665972 0.042188 0.143056
0 0.260547 0.641667 0.035156 0.155556
0 0.244922 0.559722 0.030469 0.130556
0 0.333984 0.543750 0.028906 0.126389
0 0.316406 0.496528 0.023438 0.115278
0 0.286719 0.444444 0.023438 0.108333
0 0.372656 0.434028 0.020313 0.104167
0 0.325781 0.396528 0.025000 0.095833
0 0.404687 0.349306 0.017188 0.084722
0 0.354687 0.334722 0.015625 0.077778
0 0.364844 0.378472 0.015625 0.081944
0 0.898438 0.421528 0.026562 0.079167
0 0.979297 0.513889 0.038281 0.105556
0 0.951953 0.465972 0.024219 0.081944
0 0.936328 0.433333 0.028906 0.077778
0 0.919141 0.402083 0.022656 0.076389
0 0.858984 0.374306 0.024219 0.070833
1 0.865625 0.664583 0.143750 0.187500
1 0.725000 0.394444 0.076563 0.100000
1 0.632031 0.228472 0.035937 0.054167
1 0.670703 0.218056 0.035156 0.044444
1 0.610156 0.177778 0.026562 0.044444
1 0.632812 0.168056 0.025000 0.041667
