1 0.573047 0.694444 0.088281 0.211111
1 0.573828 0.388194 0.044531 0.081944
1 0.549219 0.295833 0.028125 0.047222
1 0.679688 0.383333 0.045312 0.072222
1 0.779297 0.534722 0.086719 0.116667
1 0.791016 0.465278 0.067969 0.086111
1 0.646484 0.321528 0.032031 0.054167
0 0.293750 0.706250 0.042188 0.140278
0 0.420312 0.452778 0.020313 0.077778
0 0.431641 0.361111 0.014844 0.055556
0 0.455078 0.314583 0.011719 0.051389
0 0.985938 0.558333 0.028125 0.102778
0 0.927734 0.523611 0.030469 0.083333
0 0.882422 0.476389 0.022656 0.066667
0 0.847266 0.428472 0.021094 0.065278
0 0.821875 0.384028 0.017188 0.054167
0 0.800000 0.378472 0.012500 0.051389
