3 0.513281 0.179861 0.039062 0.115278
1 0.482422 0.461111 0.067969 0.155556
1 0.631250 0.740278 0.120313 0.291667
1 0.841016 0.597222 0.153906 0.202778
1 0.685156 0.300000 0.050000 0.066667
1 0.632812 0.195139 0.029687 0.051389
0 0.275391 0.829861 0.038281 0.206944
0 0.183203 0.756944 0.046094 0.172222
0 0.268359 0.673611 0.042969 0.155556
0 0.356250 0.555556 0.031250 0.130556
0 0.407422 0.400694 0.021094 0.087500
0 0.384375 0.470139 0.025000 0.101389
0 0.356641 0.440972 0.024219 0.090278
1 0.551562 0.158333 0.025000 0.052778
1 0.612109 0.151389 0.027344 0.038889
0 0.927344 0.427083 0.023438 0.079167
0 0.849609 0.331944 0.019531 0.072222
0 0.750391 0.247222 0.013281 0.050000
0 0.716797 0.209722 0.013281 0.036111
