0 0.168359 0.918056 0.058594 0.163889
0 0.230078 0.917361 0.052344 0.165278
0 0.314453 0.891667 0.039844 0.191667
0 0.249609 0.772917 0.038281 0.145833
0 0.309375 0.637500 0.031250 0.105556
0 0.292578 0.726389 0.022656 0.111111
0 0.307031 0.795139 0.034375 0.137500
0 0.340234 0.694444 0.036719 0.144444
0 0.368359 0.726389 0.033594 0.141667
0 0.401172 0.636111 0.024219 0.133333
0 0.373437 0.583333 0.025000 0.111111
0 0.423828 0.556250 0.019531 0.098611
0 0.408203 0.529167 0.021094 0.094444
0 0.440625 0.502083 0.017188 0.087500
0 0.385547 0.520139 0.021094 0.084722
1 0.651953 0.321528 0.038281 0.051389
