1 0.913281 0.549306 0.114062 0.134722
1 0.790625 0.394444 0.059375 0.091667
1 0.718750 0.291667 0.039062 0.066667
1 0.686328 0.250000 0.033594 0.047222
0 0.177344 0.945833 0.073438 0.108333
0 0.255859 0.926389 0.050781 0.147222
0 0.172656 0.811111 0.048438 0.180556
0 0.254297 0.805556 0.041406 0.147222
0 0.267578 0.692361 0.041406 0.131944
0 0.330859 0.716667 0.039844 0.175000
0 0.307812 0.626389 0.037500 0.152778
0 0.314844 0.545833 0.029687 0.097222
0 0.375000 0.562500 0.032813 0.113889
0 0.341016 0.475694 0.019531 0.104167
0 0.400391 0.500000 0.019531 0.116667
0 0.377734 0.459028 0.019531 0.098611
0 0.427344 0.438889 0.020313 0.088889
0 0.406250 0.429861 0.017188 0.087500
0 0.947656 0.436111 0.031250 0.086111
0 0.877344 0.380556 0.023438 0.077778
0 0.850391 0.379861 0.021094 0.073611
0 0.829688 0.343056 0.015625 0.058333
