0 0.117969 0.797222 0.068750 0.236111
0 0.226953 0.788194 0.058594 0.245833
0 0.205859 0.675694 0.046094 0.201389
0 0.231641 0.524306 0.039844 0.159722
0 0.290625 0.591667 0.037500 0.166667
0 0.272656 0.450694 0.034375 0.129167
0 0.290234 0.370139 0.032031 0.101389
0 0.318750 0.495833 0.034375 0.147222
0 0.372266 0.384028 0.021094 0.120833
0 0.334766 0.407639 0.035156 0.101389
1 0.428516 0.699306 0.119531 0.281944
1 0.478906 0.321528 0.062500 0.151389
1 0.571484 0.281944 0.055469 0.100000
1 0.492188 0.217361 0.053125 0.084722
1 0.562109 0.188194 0.049219 0.093056
1 0.508594 0.125694 0.039062 0.073611
1 0.559375 0.116667 0.040625 0.058333
3 0.653516 0.122222 0.072656 0.136111
