0 0.253516 0.890972 0.067969 0.218056
0 0.182812 0.906944 0.056250 0.186111
0 0.104297 0.928472 0.055469 0.143056
0 0.237500 0.688194 0.040625 0.148611
0 0.296094 0.682639 0.035937 0.165278
0 0.348438 0.597222 0.037500 0.147222
0 0.274609 0.561111 0.032031 0.125000
0 0.320703 0.521528 0.019531 0.112500
0 0.351172 0.480556 0.022656 0.094444
0 0.385937 0.494444 0.020313 0.102778
0 0.410547 0.457639 0.016406 0.098611
0 0.380469 0.437500 0.018750 0.083333
0 0.357422 0.413194 0.016406 0.073611
0 0.972266 0.502778 0.030469 0.086111
0 0.910547 0.452083 0.024219 0.087500
0 0.939453 0.430556 0.024219 0.072222
0 0.958594 0.464583 0.025000 0.084722
0 0.880078 0.372222 0.021094 0.069444
0 0.846094 0.375000 0.018750 0.063889
0 0.826172 0.340972 0.017969 0.062500
1 0.592969 0.509028 0.073438 0.151389
1 0.432422 0.928472 0.127344 0.143056
1 0.498437 0.447222 0.056250 0.119444
1 0.518359 0.273611 0.033594 0.066667
1 0.675391 0.313194 0.049219 0.079167
1 0.689453 0.247917 0.033594 0.054167
1 0.639453 0.250000 0.035156 0.047222
1 0.566016 0.251389 0.030469 0.055556
1 0.526172 0.213194 0.024219 0.048611
