1 0.590234 0.642361 0.088281 0.184722
1 0.814844 0.654167 0.112500 0.144444
1 0.466016 0.553472 0.067969 0.154167
1 0.477734 0.438194 0.044531 0.087500
1 0.550391 0.340278 0.036719 0.072222
0 0.292187 0.824306 0.037500 0.190278
0 0.196484 0.914583 0.052344 0.170833
0 0.185938 0.766667 0.040625 0.169444
0 0.231641 0.671528 0.030469 0.129167
0 0.317969 0.574306 0.032813 0.131944
0 0.377734 0.556250 0.032031 0.126389
0 0.234766 0.794444 0.035156 0.166667
0 0.298828 0.543750 0.024219 0.101389
0 0.348047 0.504167 0.021094 0.102778
0 0.260547 0.703472 0.038281 0.154167
1 0.492969 0.329167 0.035937 0.075000
