0 0.128906 0.902778 0.060937 0.194444
0 0.172656 0.938194 0.056250 0.123611
0 0.248438 0.745139 0.039062 0.170833
0 0.233984 0.679861 0.032031 0.151389
0 0.314063 0.602778 0.031250 0.130556
0 0.316797 0.501389 0.025781 0.097222
0 0.330859 0.540278 0.024219 0.094444
0 0.337891 0.463889 0.017969 0.088889
0 0.370312 0.490278 0.023438 0.102778
0 0.353516 0.412500 0.017969 0.069444
0 0.857031 0.486806 0.025000 0.079167
0 0.809766 0.443056 0.027344 0.066667
0 0.837500 0.440278 0.020313 0.069444
1 0.544922 0.509028 0.063281 0.115278
1 0.459766 0.454167 0.063281 0.086111
1 0.848047 0.588194 0.108594 0.120833
1 0.736719 0.429861 0.078125 0.120833
1 0.667188 0.350000 0.042188 0.055556
1 0.620313 0.328472 0.039062 0.059722
1 0.523828 0.359722 0.042969 0.080556
