0 0.148828 0.880556 0.055469 0.186111
0 0.259375 0.863194 0.051562 0.206944
0 0.244922 0.730556 0.036719 0.158333
0 0.259766 0.620139 0.032031 0.115278
0 0.314063 0.719444 0.031250 0.155556
0 0.302344 0.650000 0.026562 0.130556
0 0.309766 0.538889 0.019531 0.119444
0 0.326562 0.575694 0.023438 0.129167
0 0.369922 0.571528 0.024219 0.118056
0 0.348438 0.529167 0.021875 0.091667
0 0.387109 0.502778 0.025781 0.094444
0 0.342578 0.460417 0.017969 0.068056
0 0.420703 0.429167 0.017969 0.072222
1 0.434766 0.844444 0.121094 0.311111
1 0.589844 0.613889 0.073438 0.177778
1 0.477344 0.481250 0.062500 0.129167
1 0.549219 0.362500 0.042188 0.075000
1 0.492969 0.360417 0.042188 0.079167
1 0.666016 0.307639 0.042969 0.062500
