1 0.593750 0.752778 0.132812 0.347222
1 0.864453 0.702778 0.182031 0.252778
1 0.553125 0.433333 0.076563 0.158333
1 0.447656 0.422222 0.067187 0.122222
1 0.534766 0.319444 0.047656 0.080556
1 0.464062 0.272222 0.039062 0.069444
1 0.528906 0.239583 0.035937 0.070833
0 0.069141 0.929167 0.071094 0.141667
0 0.187109 0.805556 0.055469 0.227778
0 0.154297 0.740972 0.039844 0.195833
0 0.188281 0.620833 0.042188 0.147222
0 0.235547 0.636111 0.039844 0.158333
0 0.295703 0.581944 0.032031 0.141667
0 0.246094 0.547917 0.029687 0.118056
0 0.286719 0.544444 0.021875 0.133333
0 0.286328 0.462500 0.024219 0.094444
0 0.277734 0.443056 0.021094 0.094444
0 0.324609 0.494444 0.024219 0.113889
0 0.347656 0.447222 0.023438 0.100000
0 0.322656 0.429861 0.026562 0.073611
0 0.935547 0.436806 0.032031 0.087500
0 0.911328 0.395833 0.030469 0.080556
0 0.862500 0.371528 0.025000 0.087500
0 0.816797 0.348611 0.024219 0.061111
0 0.793359 0.322222 0.022656 0.063889
