3 0.441016 0.614583 0.180469 0.590278
1 0.628516 0.657639 0.138281 0.351389
1 0.577734 0.331944 0.055469 0.088889
1 0.835547 0.574306 0.122656 0.165278
1 0.763672 0.328472 0.066406 0.090278
1 0.663672 0.253472 0.044531 0.054167
1 0.641406 0.204167 0.026562 0.036111
1 0.619922 0.163194 0.027344 0.043056
1 0.634766 0.122917 0.019531 0.029167
1 0.516016 0.195139 0.030469 0.056944
0 0.270703 0.832639 0.049219 0.206944
0 0.309766 0.658333 0.038281 0.155556
0 0.271875 0.552083 0.034375 0.131944
0 0.322656 0.507639 0.035937 0.126389
0 0.388672 0.412500 0.019531 0.086111
1 0.507031 0.272222 0.037500 0.072222
1 0.560547 0.201389 0.025781 0.041667
0 0.962109 0.470139 0.033594 0.087500
0 0.748437 0.245833 0.010937 0.041667
0 0.727734 0.220139 0.011719 0.031944
