0 0.276562 0.925694 0.050000 0.148611
0 0.260547 0.849306 0.039844 0.187500
0 0.258984 0.747222 0.027344 0.094444
0 0.310156 0.745833 0.034375 0.147222
0 0.350781 0.759722 0.028125 0.144444
0 0.365625 0.671528 0.032813 0.115278
0 0.307812 0.640972 0.025000 0.115278
0 0.346484 0.631250 0.027344 0.109722
0 0.342578 0.557639 0.022656 0.090278
0 0.403906 0.602083 0.023438 0.112500
0 0.379297 0.528472 0.024219 0.098611
0 0.446484 0.490278 0.021094 0.080556
1 0.783203 0.562500 0.102344 0.150000
1 0.679297 0.366667 0.039844 0.066667
1 0.671484 0.305556 0.027344 0.044444
