0 0.121484 0.908333 0.066406 0.183333
0 0.217188 0.818750 0.046875 0.204167
0 0.165234 0.740278 0.042969 0.155556
0 0.288672 0.692361 0.030469 0.131944
0 0.240625 0.659028 0.039062 0.137500
0 0.257812 0.550000 0.032813 0.127778
0 0.287109 0.488194 0.025781 0.106944
0 0.311328 0.584722 0.025781 0.127778
0 0.354687 0.522222 0.026562 0.111111
0 0.377344 0.456944 0.021875 0.094444
0 0.344531 0.481944 0.017188 0.097222
0 0.981641 0.527778 0.035156 0.100000
0 0.889453 0.422222 0.024219 0.055556
0 0.921875 0.434028 0.023438 0.065278
0 0.833594 0.379167 0.020313 0.075000
0 0.863672 0.384028 0.022656 0.070833
0 0.801172 0.352083 0.019531 0.059722
1 0.862891 0.709028 0.136719 0.209722
1 0.884766 0.511806 0.139844 0.195833
1 0.800000 0.425694 0.076563 0.098611
1 0.686719 0.356944 0.056250 0.080556
1 0.639062 0.287500 0.040625 0.075000
1 0.670312 0.256944 0.032813 0.058333
