0 0.087109 0.904861 0.050781 0.190278
0 0.132422 0.945833 0.053906 0.108333
0 0.226172 0.888889 0.058594 0.222222
0 0.164453 0.833333 0.053906 0.191667
0 0.237109 0.733333 0.046094 0.161111
0 0.168359 0.709722 0.055469 0.127778
0 0.292969 0.657639 0.037500 0.154167
0 0.256250 0.578472 0.028125 0.126389
0 0.346094 0.555556 0.031250 0.108333
0 0.308984 0.553472 0.033594 0.112500
0 0.292187 0.500000 0.023438 0.105556
0 0.321875 0.476389 0.025000 0.094444
0 0.347266 0.490972 0.022656 0.081944
0 0.380469 0.459722 0.023438 0.097222
0 0.335547 0.406250 0.022656 0.101389
0 0.983984 0.522917 0.032031 0.143056
0 0.900391 0.464583 0.033594 0.084722
0 0.916406 0.424306 0.028125 0.081944
0 0.849219 0.404861 0.025000 0.079167
0 0.879687 0.411806 0.017188 0.076389
0 0.870703 0.375000 0.016406 0.069444
1 0.910156 0.774306 0.179688 0.359722
1 0.925781 0.586806 0.135937 0.143056
1 0.719922 0.428472 0.082031 0.126389
1 0.662109 0.323611 0.049219 0.080556
1 0.693359 0.279167 0.039844 0.058333
1 0.628125 0.243750 0.029687 0.059722
1 0.539844 0.238889 0.029687 0.058333
