0 0.249219 0.892361 0.051562 0.215278
0 0.139844 0.930556 0.060937 0.138889
0 0.110937 0.879167 0.057813 0.200000
0 0.218750 0.724306 0.042188 0.162500
0 0.316406 0.718056 0.032813 0.163889
0 0.283203 0.694444 0.033594 0.155556
0 0.343750 0.629861 0.028125 0.134722
0 0.303906 0.579861 0.031250 0.120833
0 0.317188 0.504167 0.023438 0.088889
0 0.395313 0.509722 0.023438 0.102778
0 0.369531 0.475694 0.023438 0.090278
0 0.346094 0.451389 0.020313 0.091667
0 0.367969 0.409722 0.020313 0.061111
0 0.396484 0.421528 0.019531 0.076389
0 0.424609 0.400694 0.017969 0.093056
0 0.392578 0.372917 0.016406 0.068056
0 0.961328 0.466667 0.032031 0.075000
0 0.882422 0.378472 0.019531 0.062500
0 0.872266 0.352778 0.019531 0.066667
0 0.831250 0.350694 0.017188 0.062500
1 0.472266 0.675000 0.100781 0.236111
1 0.876172 0.681944 0.172656 0.200000
1 0.727734 0.406944 0.071094 0.119444
1 0.790625 0.368056 0.071875 0.094444
1 0.737109 0.304861 0.046094 0.062500
1 0.588672 0.335417 0.050781 0.087500
1 0.516016 0.344444 0.052344 0.105556
1 0.697656 0.251389 0.035937 0.055556
1 0.571094 0.259722 0.035937 0.058333
1 0.527344 0.238194 0.029687 0.051389
1 0.535937 0.193750 0.028125 0.040278
1 0.634375 0.218056 0.029687 0.052778
1 0.664062 0.212500 0.026562 0.033333
