0 0.115625 0.918056 0.071875 0.163889
0 0.183984 0.736111 0.047656 0.180556
0 0.235547 0.735417 0.042969 0.173611
0 0.287891 0.629167 0.039844 0.161111
0 0.312891 0.518750 0.028906 0.109722
0 0.379297 0.484028 0.028906 0.112500
0 0.353125 0.419444 0.023438 0.105556
0 0.412500 0.381250 0.023438 0.087500
0 0.427344 0.334028 0.020313 0.073611
0 0.442188 0.286806 0.014063 0.065278
0 0.901563 0.425000 0.026562 0.080556
0 0.868359 0.379167 0.022656 0.063889
0 0.810547 0.321528 0.019531 0.059722
0 0.845703 0.345833 0.024219 0.058333
1 0.891797 0.528472 0.114844 0.134722
1 0.769531 0.500000 0.087500 0.127778
1 0.747266 0.325000 0.064844 0.080556
1 0.473047 0.475000 0.067969 0.161111
1 0.586328 0.438194 0.063281 0.140278
1 0.497266 0.305556 0.042969 0.091667
1 0.561328 0.271528 0.039844 0.076389
1 0.646094 0.251389 0.032813 0.058333
1 0.623047 0.204167 0.028906 0.044444
1 0.664453 0.205556 0.035156 0.061111
1 0.542969 0.204167 0.032813 0.050000
1 0.504297 0.252083 0.032031 0.056944
