0 0.269141 0.875000 0.044531 0.197222
0 0.212891 0.820833 0.046094 0.197222
0 0.252734 0.665278 0.027344 0.130556
0 0.285547 0.727778 0.027344 0.127778
0 0.320312 0.669444 0.031250 0.144444
0 0.301953 0.615278 0.017969 0.113889
0 0.282813 0.590972 0.023438 0.115278
0 0.337500 0.562500 0.023438 0.105556
0 0.351953 0.613889 0.027344 0.113889
0 0.374609 0.530556 0.019531 0.100000
0 0.398828 0.456250 0.017969 0.079167
0 0.755078 0.386111 0.017969 0.055556
0 0.770703 0.425000 0.014844 0.066667
0 0.805078 0.445833 0.019531 0.061111
0 0.851562 0.459028 0.023438 0.070833
0 0.876563 0.527083 0.028125 0.090278
0 0.922266 0.570139 0.035156 0.087500
1 0.879297 0.815972 0.182031 0.240278
1 0.739844 0.455556 0.054688 0.069444
1 0.559766 0.517361 0.064844 0.123611
1 0.468359 0.506250 0.064844 0.131944
1 0.472266 0.414583 0.050781 0.070833
1 0.535937 0.341667 0.035937 0.069444
1 0.603125 0.331944 0.031250 0.052778
1 0.662500 0.359028 0.042188 0.048611
1 0.702344 0.400694 0.050000 0.062500
1 0.646484 0.325000 0.030469 0.038889
3 0.482812 0.307639 0.043750 0.120833
