1 0.606641 0.636806 0.092969 0.190278
1 0.442578 0.612500 0.085156 0.230556
1 0.469531 0.469444 0.065625 0.125000
3 0.473828 0.324306 0.061719 0.181944
1 0.548438 0.263194 0.037500 0.073611
1 0.854297 0.484722 0.105469 0.136111
0 0.762891 0.286111 0.014844 0.047222
0 0.801953 0.313889 0.017969 0.063889
0 0.253125 0.819444 0.048438 0.197222
0 0.222656 0.602778 0.035937 0.138889
1 0.716406 0.295139 0.050000 0.073611
1 0.643750 0.185417 0.032813 0.051389
0 0.158984 0.894444 0.058594 0.202778
0 0.846875 0.367361 0.020313 0.068056
