0 0.204297 0.834722 0.052344 0.236111
0 0.280469 0.797917 0.043750 0.206944
0 0.208203 0.700694 0.044531 0.129167
0 0.256250 0.603472 0.040625 0.162500
0 0.342187 0.577778 0.031250 0.136111
0 0.308203 0.488889 0.030469 0.113889
0 0.384375 0.496528 0.023438 0.120833
0 0.397266 0.385417 0.021094 0.093056
0 0.331641 0.427083 0.019531 0.098611
0 0.884766 0.357639 0.017969 0.070833
0 0.911328 0.346528 0.025781 0.073611
0 0.861719 0.326389 0.020313 0.063889
0 0.816797 0.285417 0.019531 0.059722
0 0.832812 0.281944 0.014063 0.063889
0 0.850000 0.278472 0.017188 0.056944
1 0.755078 0.384722 0.078906 0.105556
1 0.758984 0.274306 0.052344 0.076389
1 0.633594 0.864583 0.131250 0.270833
1 0.532422 0.187500 0.025781 0.044444
1 0.575781 0.192361 0.025000 0.043056
1 0.636719 0.166667 0.023438 0.036111
