0 0.131641 0.961111 0.061719 0.077778
0 0.270703 0.875000 0.046094 0.183333
0 0.253516 0.784722 0.047656 0.172222
0 0.226172 0.731944 0.035156 0.150000
0 0.331250 0.720833 0.037500 0.136111
0 0.298047 0.656250 0.030469 0.126389
0 0.279687 0.606250 0.029687 0.131944
0 0.342969 0.634028 0.031250 0.104167
0 0.383984 0.572917 0.022656 0.120833
0 0.336328 0.545139 0.022656 0.087500
0 0.945312 0.573611 0.029687 0.100000
0 0.879687 0.484722 0.020313 0.072222
0 0.857422 0.465278 0.019531 0.072222
0 0.832812 0.434028 0.015625 0.070833
1 0.594141 0.548611 0.071094 0.155556
1 0.477734 0.512500 0.067969 0.147222
1 0.440234 0.811806 0.117969 0.304167
1 0.797266 0.597222 0.111719 0.152778
1 0.630469 0.298611 0.031250 0.063889
1 0.558984 0.377083 0.042969 0.090278
1 0.559375 0.315972 0.031250 0.048611
