0 0.059375 0.887500 0.075000 0.225000
0 0.262500 0.761111 0.053125 0.205556
0 0.150391 0.910417 0.064844 0.179167
0 0.183203 0.766667 0.055469 0.186111
0 0.198828 0.652083 0.046094 0.162500
0 0.268750 0.546528 0.043750 0.154167
0 0.340625 0.519444 0.034375 0.163889
0 0.326172 0.445139 0.027344 0.123611
0 0.303125 0.415972 0.028125 0.123611
0 0.374609 0.409722 0.030469 0.108333
0 0.327734 0.339583 0.024219 0.095833
0 0.255859 0.461111 0.033594 0.108333
0 0.406250 0.293750 0.018750 0.087500
0 0.976172 0.393056 0.041406 0.097222
1 0.879687 0.365278 0.132812 0.177778
1 0.662109 0.788194 0.153906 0.390278
1 0.471094 0.450694 0.078125 0.151389
1 0.583203 0.300000 0.060156 0.119444
1 0.506250 0.225694 0.050000 0.104167
1 0.673828 0.189583 0.047656 0.065278
1 0.684766 0.130556 0.035156 0.047222
1 0.622266 0.069444 0.032031 0.044444
