1 0.568359 0.645139 0.103906 0.229167
1 0.755859 0.384028 0.088281 0.137500
1 0.605859 0.241667 0.027344 0.044444
1 0.639062 0.234722 0.029687 0.047222
1 0.583984 0.202083 0.019531 0.031944
1 0.528906 0.182639 0.018750 0.034722
1 0.500000 0.159722 0.017188 0.025000
0 0.389844 0.420833 0.031250 0.100000
0 0.221484 0.624306 0.041406 0.126389
0 0.181641 0.821528 0.058594 0.215278
0 0.283203 0.683333 0.044531 0.158333
0 0.295312 0.466667 0.026562 0.100000
0 0.335156 0.472917 0.025000 0.112500
0 0.420312 0.319444 0.020313 0.061111
0 0.861328 0.446528 0.021094 0.087500
0 0.811328 0.386806 0.017969 0.073611
0 0.708594 0.275694 0.014063 0.048611
0 0.686719 0.259722 0.014063 0.041667
0 0.441797 0.253472 0.016406 0.065278
0 0.422266 0.234028 0.008594 0.034722
0 0.385937 0.327778 0.018750 0.075000
