1 0.626563 0.657639 0.082812 0.184722
1 0.515234 0.488194 0.053906 0.109722
1 0.596094 0.406944 0.048438 0.086111
1 0.758984 0.504861 0.072656 0.106944
1 0.750391 0.396528 0.049219 0.068056
1 0.669922 0.363889 0.036719 0.050000
1 0.535937 0.414583 0.042188 0.084722
1 0.537500 0.355556 0.031250 0.061111
1 0.589063 0.326389 0.032813 0.050000
0 0.162891 0.941667 0.055469 0.116667
0 0.247266 0.929861 0.049219 0.140278
0 0.335938 0.872222 0.045312 0.180556
0 0.356641 0.754167 0.035156 0.138889
0 0.312891 0.693056 0.022656 0.138889
0 0.339453 0.709722 0.030469 0.144444
0 0.342187 0.588889 0.025000 0.108333
0 0.367969 0.627083 0.031250 0.112500
0 0.423438 0.568750 0.021875 0.101389
0 0.385937 0.553472 0.021875 0.098611
0 0.442188 0.507639 0.018750 0.084722
0 0.407813 0.491667 0.018750 0.072222
0 0.416797 0.524306 0.017969 0.073611
