1 0.704297 0.325694 0.067969 0.115278
1 0.791016 0.381250 0.066406 0.084722
1 0.793750 0.512500 0.092188 0.130556
0 0.294922 0.640972 0.035156 0.148611
0 0.458984 0.242361 0.011719 0.043056
0 0.375391 0.359722 0.019531 0.058333
0 0.127734 0.888889 0.058594 0.194444
1 0.656250 0.192361 0.023438 0.040278
0 0.931641 0.456944 0.025781 0.080556
0 0.840234 0.361111 0.021094 0.066667
1 0.565234 0.279861 0.036719 0.073611
1 0.524219 0.183333 0.025000 0.047222
1 0.621875 0.178472 0.020313 0.034722
0 0.777344 0.290972 0.015625 0.054167
0 0.373828 0.527083 0.025781 0.112500
0 0.342187 0.520139 0.025000 0.115278
0 0.305859 0.517361 0.028906 0.118056
