0 0.040625 0.863889 0.079687 0.222222
0 0.106641 0.914583 0.077344 0.170833
0 0.226953 0.805556 0.058594 0.247222
0 0.171094 0.702778 0.053125 0.222222
0 0.346875 0.473611 0.032813 0.147222
0 0.295703 0.504167 0.033594 0.158333
0 0.258203 0.609722 0.041406 0.166667
0 0.246875 0.470139 0.032813 0.115278
0 0.232031 0.561806 0.032813 0.162500
0 0.323047 0.351389 0.035156 0.119444
0 0.363672 0.359722 0.030469 0.116667
0 0.394531 0.321528 0.023438 0.104167
0 0.893359 0.295833 0.030469 0.077778
0 0.928516 0.348611 0.030469 0.080556
0 0.933594 0.294444 0.031250 0.063889
0 0.855078 0.268056 0.025781 0.080556
0 0.830078 0.250000 0.022656 0.063889
1 0.396094 0.856944 0.164062 0.286111
1 0.470313 0.411111 0.073438 0.161111
1 0.601953 0.444444 0.094531 0.200000
1 0.651172 0.141667 0.046094 0.066667
1 0.494922 0.194444 0.044531 0.080556
1 0.611719 0.078472 0.029687 0.040278
1 0.571875 0.220139 0.056250 0.129167
