1 0.496875 0.314583 0.046875 0.118056
1 0.505078 0.228472 0.033594 0.076389
1 0.557813 0.260417 0.034375 0.073611
1 0.576172 0.395139 0.049219 0.095833
0 0.757812 0.248611 0.010937 0.041667
0 0.795703 0.305556 0.016406 0.055556
0 0.954688 0.478472 0.031250 0.101389
1 0.839844 0.440278 0.081250 0.113889
1 0.637109 0.764583 0.136719 0.343056
1 0.428906 0.831250 0.129688 0.320833
0 0.356250 0.550694 0.026562 0.134722
0 0.406250 0.388889 0.026562 0.097222
0 0.432031 0.304167 0.023438 0.075000
0 0.366797 0.390278 0.022656 0.086111
0 0.194141 0.901389 0.071094 0.197222
1 0.550781 0.165972 0.020313 0.045833
0 0.452734 0.239583 0.013281 0.048611
1 0.478516 0.463889 0.071094 0.150000
1 0.681250 0.312500 0.050000 0.069444
0 0.922656 0.422917 0.023438 0.076389
0 0.816406 0.328472 0.015625 0.056944
0 0.327734 0.502778 0.022656 0.105556
