0 0.155469 0.911806 0.071875 0.176389
0 0.233203 0.794444 0.041406 0.202778
0 0.284766 0.813194 0.041406 0.204167
0 0.226562 0.672917 0.048438 0.159722
0 0.267578 0.582639 0.039844 0.137500
0 0.333594 0.643750 0.043750 0.165278
0 0.312891 0.570833 0.022656 0.122222
0 0.322656 0.509028 0.031250 0.098611
0 0.342969 0.458333 0.029687 0.100000
0 0.374609 0.515972 0.032031 0.118056
0 0.376172 0.397222 0.017969 0.083333
0 0.393750 0.427083 0.018750 0.087500
0 0.409375 0.470139 0.021875 0.106944
0 0.414453 0.385417 0.021094 0.079167
0 0.446484 0.356944 0.017969 0.086111
0 0.399219 0.339583 0.018750 0.070833
