1 0.532422 0.154861 0.016406 0.029167
1 0.507031 0.127778 0.009375 0.013889
1 0.532031 0.135417 0.012500 0.015278
0 0.474219 0.193750 0.007812 0.031944
0 0.463672 0.184028 0.008594 0.031944
0 0.456641 0.190278 0.008594 0.030556
0 0.454688 0.170139 0.009375 0.031944
0 0.458984 0.237500 0.010156 0.041667
0 0.436328 0.297222 0.013281 0.052778
0 0.413281 0.295139 0.012500 0.054167
0 0.399219 0.302778 0.012500 0.052778
0 0.383203 0.360417 0.017969 0.073611
0 0.426172 0.343750 0.014844 0.065278
0 0.391406 0.427778 0.021875 0.091667
0 0.406641 0.382639 0.019531 0.079167
0 0.335547 0.486111 0.024219 0.094444
0 0.368750 0.497222 0.020313 0.097222
0 0.367578 0.442361 0.019531 0.079167
0 0.327344 0.432639 0.021875 0.087500
0 0.283203 0.520139 0.027344 0.109722
0 0.336328 0.609028 0.027344 0.143056
0 0.256641 0.745833 0.041406 0.180556
0 0.216016 0.721528 0.039844 0.173611
0 0.154688 0.746528 0.046875 0.154167
0 0.157031 0.868056 0.053125 0.191667
0 0.224609 0.910417 0.052344 0.179167
0 0.248438 0.610417 0.031250 0.140278
0 0.280078 0.633333 0.033594 0.133333
0 0.311719 0.552083 0.028125 0.126389
0 0.378906 0.329167 0.015625 0.063889
0 0.433203 0.262500 0.010156 0.044444
1 0.596484 0.176389 0.019531 0.027778
1 0.621484 0.186111 0.021094 0.030556
1 0.640625 0.215278 0.025000 0.033333
3 0.626953 0.153472 0.022656 0.043056
1 0.679688 0.277083 0.040625 0.045833
1 0.740625 0.343750 0.056250 0.073611
0 0.691016 0.172917 0.007031 0.023611
0 0.675391 0.182639 0.008594 0.023611
0 0.702734 0.187500 0.007031 0.025000
0 0.676953 0.218056 0.008594 0.033333
0 0.688672 0.227778 0.011719 0.041667
0 0.733203 0.252778 0.010156 0.044444
0 0.766406 0.293056 0.012500 0.044444
0 0.778516 0.325694 0.014844 0.054167
0 0.706250 0.250000 0.010937 0.038889
0 0.723437 0.265278 0.012500 0.044444
0 0.847266 0.404167 0.019531 0.072222
0 0.830078 0.382639 0.019531 0.070833
0 0.953906 0.487500 0.029687 0.097222
1 0.802344 0.590278 0.117188 0.141667
