0 0.354687 0.487500 0.028125 0.111111
1 0.545312 0.260417 0.037500 0.068056
0 0.390234 0.414583 0.024219 0.090278
0 0.294141 0.698611 0.039844 0.150000
0 0.306641 0.475000 0.033594 0.116667
0 0.220312 0.659722 0.037500 0.155556
0 0.271484 0.635417 0.030469 0.156944
0 0.421484 0.340278 0.019531 0.075000
0 0.466797 0.179861 0.014844 0.031944
0 0.437109 0.207639 0.011719 0.048611
1 0.727344 0.317361 0.053125 0.090278
1 0.677344 0.345139 0.068750 0.093056
1 0.669922 0.253472 0.042969 0.048611
1 0.636328 0.202778 0.027344 0.030556
1 0.627734 0.250694 0.036719 0.056944
0 0.875391 0.427778 0.025781 0.080556
0 0.833203 0.362500 0.028906 0.077778
0 0.785547 0.329861 0.016406 0.062500
0 0.803906 0.311806 0.017188 0.059722
0 0.684766 0.212500 0.013281 0.036111
0 0.351172 0.407639 0.022656 0.081944
0 0.161719 0.870139 0.057813 0.206944
0 0.133203 0.806944 0.055469 0.219444
0 0.258203 0.559028 0.038281 0.126389
1 0.536719 0.149306 0.023438 0.034722
1 0.510156 0.137500 0.018750 0.030556
