3 0.630078 0.673611 0.142969 0.422222
1 0.469141 0.563889 0.085156 0.205556
1 0.577734 0.380556 0.047656 0.100000
1 0.510938 0.298611 0.034375 0.055556
1 0.566016 0.289583 0.039844 0.079167
1 0.690234 0.306944 0.049219 0.069444
1 0.721875 0.277083 0.045312 0.065278
1 0.775391 0.359028 0.066406 0.087500
3 0.663672 0.186111 0.052344 0.097222
0 0.832422 0.318750 0.019531 0.056944
0 0.852734 0.360417 0.019531 0.059722
0 0.201563 0.770833 0.045312 0.191667
0 0.292578 0.723611 0.046094 0.172222
0 0.226953 0.650694 0.041406 0.129167
0 0.270703 0.629167 0.033594 0.125000
0 0.329297 0.617361 0.035156 0.137500
0 0.371875 0.533333 0.029687 0.119444
0 0.315234 0.486806 0.027344 0.095833
0 0.333594 0.521528 0.020313 0.095833
0 0.358203 0.430556 0.022656 0.069444
0 0.383984 0.404167 0.019531 0.088889
0 0.403125 0.438889 0.020313 0.100000
0 0.420312 0.400000 0.021875 0.075000
