1 0.595313 0.650000 0.095312 0.216667
1 0.460938 0.553472 0.064062 0.140278
1 0.397656 0.805556 0.157812 0.388889
1 0.557031 0.410417 0.059375 0.123611
1 0.473438 0.378472 0.053125 0.106944
1 0.554688 0.304861 0.039062 0.073611
3 0.484375 0.238194 0.045312 0.112500
1 0.655469 0.300000 0.046875 0.055556
1 0.702344 0.268056 0.054688 0.075000
1 0.656641 0.215278 0.033594 0.058333
1 0.600391 0.171528 0.021094 0.037500
1 0.537109 0.197222 0.027344 0.041667
0 0.283203 0.625000 0.035156 0.136111
0 0.237500 0.615972 0.035937 0.151389
0 0.127344 0.826389 0.065625 0.200000
0 0.386719 0.411111 0.023438 0.091667
0 0.904297 0.415278 0.024219 0.077778
0 0.953906 0.450000 0.029687 0.094444
0 0.810156 0.338194 0.020313 0.062500
0 0.332422 0.563889 0.028906 0.122222
