1 0.610156 0.314583 0.051562 0.120833
1 0.553516 0.202778 0.036719 0.094444
1 0.769531 0.272222 0.064062 0.072222
1 0.882812 0.418056 0.100000 0.119444
1 0.692187 0.172917 0.029687 0.054167
1 0.680078 0.135417 0.025781 0.056944
0 0.447656 0.416667 0.034375 0.116667
0 0.392188 0.497917 0.057813 0.134722
0 0.442578 0.327083 0.032031 0.095833
0 0.467969 0.265278 0.021875 0.086111
0 0.866406 0.294444 0.020313 0.061111
0 0.973828 0.412500 0.022656 0.094444
0 0.941406 0.381944 0.028125 0.091667
0 0.901172 0.307639 0.027344 0.070833
1 0.596875 0.145833 0.025000 0.044444
