3 0.654297 0.276389 0.050781 0.077778
3 0.557813 0.407639 0.076563 0.204167
1 0.537500 0.243750 0.026562 0.054167
1 0.477344 0.436806 0.050000 0.090278
1 0.433984 0.847222 0.117969 0.286111
1 0.589844 0.597222 0.087500 0.186111
1 0.612109 0.209722 0.019531 0.036111
0 0.821484 0.389583 0.017969 0.065278
0 0.742188 0.304861 0.017188 0.043056
0 0.712891 0.281944 0.014844 0.047222
0 0.781641 0.371528 0.021094 0.054167
0 0.374219 0.541667 0.021875 0.111111
0 0.342187 0.553472 0.023438 0.106944
0 0.290234 0.544444 0.028906 0.108333
0 0.230859 0.688889 0.042969 0.144444
0 0.298047 0.706250 0.036719 0.151389
0 0.269922 0.862500 0.046094 0.191667
0 0.423828 0.393750 0.016406 0.068056
1 0.490625 0.324306 0.028125 0.056944
0 0.878906 0.469444 0.021875 0.072222
0 0.165625 0.814583 0.053125 0.176389
0 0.208594 0.852083 0.053125 0.187500
