1 0.426172 0.737500 0.147656 0.361111
1 0.470313 0.433333 0.079687 0.172222
1 0.498828 0.236111 0.055469 0.116667
1 0.583203 0.254861 0.064844 0.118056
1 0.605078 0.463889 0.088281 0.208333
0 0.223047 0.759722 0.058594 0.233333
0 0.160547 0.739583 0.053906 0.234722
0 0.198437 0.586111 0.048438 0.152778
0 0.258984 0.513889 0.035156 0.141667
0 0.266016 0.628472 0.042969 0.168056
0 0.316016 0.573611 0.041406 0.163889
0 0.040625 0.879861 0.065625 0.240278
0 0.099219 0.906944 0.078125 0.186111
0 0.357031 0.491667 0.032813 0.141667
0 0.306641 0.437500 0.027344 0.122222
0 0.298438 0.370833 0.026562 0.094444
