0 0.257031 0.800694 0.050000 0.220833
0 0.308594 0.547917 0.034375 0.131944
0 0.348438 0.425694 0.025000 0.093056
0 0.387500 0.355556 0.023438 0.083333
0 0.410156 0.397917 0.026562 0.095833
0 0.461328 0.267361 0.017969 0.056944
0 0.890625 0.402778 0.020313 0.069444
0 0.833984 0.361111 0.017969 0.069444
0 0.866406 0.375000 0.020313 0.063889
0 0.918750 0.453472 0.026562 0.081944
1 0.850000 0.636111 0.121875 0.158333
1 0.949219 0.625000 0.101562 0.158333
1 0.653125 0.269444 0.042188 0.066667
1 0.685937 0.232639 0.043750 0.070833
1 0.651953 0.199306 0.027344 0.040278
