1 0.572656 0.488889 0.076563 0.150000
1 0.613281 0.852778 0.135937 0.294444
1 0.444141 0.543056 0.069531 0.141667
1 0.461719 0.393750 0.062500 0.165278
1 0.547656 0.310417 0.042188 0.073611
3 0.487500 0.189583 0.035937 0.090278
1 0.750000 0.337500 0.054688 0.088889
1 0.927734 0.567361 0.144531 0.179167
0 0.309766 0.615972 0.025781 0.143056
0 0.173437 0.687500 0.043750 0.147222
0 0.256641 0.718750 0.036719 0.165278
0 0.342578 0.520139 0.025781 0.115278
0 0.319531 0.439583 0.023438 0.098611
1 0.532422 0.165278 0.021094 0.041667
1 0.631641 0.252083 0.036719 0.051389
1 0.586328 0.165278 0.024219 0.050000
1 0.610938 0.166667 0.017188 0.041667
0 0.892188 0.397222 0.018750 0.061111
