0 0.323828 0.701389 0.042969 0.161111
0 0.289453 0.645833 0.033594 0.180556
0 0.323437 0.527778 0.028125 0.127778
0 0.417969 0.450694 0.037500 0.126389
0 0.388672 0.406944 0.017969 0.088889
0 0.414453 0.370833 0.021094 0.072222
0 0.443750 0.378472 0.017188 0.079167
0 0.434766 0.328472 0.010156 0.068056
0 0.460156 0.303472 0.014063 0.059722
0 0.427734 0.311806 0.013281 0.062500
0 0.978125 0.522222 0.039062 0.100000
0 0.933984 0.462500 0.028906 0.083333
0 0.962109 0.456944 0.025781 0.077778
0 0.900781 0.400000 0.020313 0.069444
0 0.867578 0.391667 0.016406 0.066667
0 0.832031 0.363889 0.017188 0.063889
1 0.592187 0.405556 0.054688 0.136111
1 0.515625 0.313889 0.040625 0.083333
1 0.694531 0.337500 0.050000 0.086111
1 0.783984 0.368750 0.071094 0.090278
1 0.706641 0.273611 0.038281 0.066667
1 0.646484 0.247222 0.027344 0.044444
1 0.562891 0.218750 0.028906 0.051389
