1 0.481250 0.677778 0.085938 0.211111
1 0.599219 0.549306 0.085938 0.193056
1 0.680469 0.324306 0.050000 0.079167
1 0.576172 0.404167 0.057031 0.108333
1 0.507031 0.317361 0.042188 0.079167
1 0.564063 0.296528 0.034375 0.062500
1 0.643359 0.265972 0.035156 0.048611
1 0.677344 0.244444 0.045312 0.077778
0 0.192188 0.772222 0.043750 0.197222
0 0.237891 0.844444 0.047656 0.175000
0 0.301563 0.727778 0.040625 0.169444
0 0.279687 0.635417 0.031250 0.131944
0 0.351172 0.572917 0.030469 0.140278
0 0.378906 0.514583 0.025000 0.106944
0 0.305078 0.536111 0.027344 0.113889
0 0.330469 0.500694 0.018750 0.104167
0 0.410547 0.459028 0.022656 0.093056
0 0.847656 0.353472 0.015625 0.056944
