1 0.685156 0.301389 0.042188 0.072222
1 0.742188 0.310417 0.043750 0.079167
1 0.710156 0.265278 0.035937 0.047222
1 0.896094 0.512500 0.107813 0.147222
1 0.650000 0.224306 0.028125 0.040278
1 0.676562 0.210417 0.023438 0.040278
0 0.275391 0.896528 0.050781 0.204167
0 0.181250 0.759722 0.050000 0.191667
0 0.306250 0.659722 0.042188 0.147222
0 0.356250 0.622917 0.028125 0.129167
0 0.387891 0.568056 0.027344 0.113889
0 0.341797 0.515972 0.024219 0.106944
0 0.384375 0.479861 0.020313 0.084722
0 0.423438 0.448611 0.018750 0.083333
0 0.400781 0.440278 0.017188 0.086111
