1 0.438281 0.830556 0.148438 0.338889
1 0.489063 0.490278 0.068750 0.122222
1 0.507812 0.313889 0.040625 0.086111
1 0.566797 0.267361 0.038281 0.059722
1 0.515625 0.261111 0.031250 0.058333
1 0.734766 0.442361 0.071094 0.112500
1 0.779297 0.388194 0.061719 0.090278
1 0.931641 0.610417 0.136719 0.190278
3 0.652344 0.254167 0.062500 0.125000
0 0.203516 0.935417 0.061719 0.129167
0 0.158984 0.902778 0.049219 0.194444
0 0.171094 0.748611 0.040625 0.177778
0 0.274219 0.741667 0.043750 0.169444
0 0.253125 0.609722 0.039062 0.136111
0 0.305078 0.610417 0.035156 0.123611
0 0.352344 0.607639 0.028125 0.143056
0 0.329688 0.547222 0.028125 0.119444
0 0.389844 0.484722 0.021875 0.091667
0 0.368359 0.461806 0.022656 0.101389
0 0.323437 0.484722 0.026562 0.088889
0 0.400781 0.404861 0.023438 0.070833
0 0.942578 0.502778 0.032031 0.080556
0 0.891016 0.441667 0.022656 0.083333
0 0.867188 0.390278 0.018750 0.075000
