0 0.357031 0.502083 0.028125 0.115278
0 0.252734 0.786111 0.042969 0.194444
0 0.166406 0.844444 0.054688 0.205556
0 0.121094 0.775694 0.046875 0.187500
0 0.203125 0.626389 0.039062 0.136111
0 0.270313 0.547222 0.029687 0.122222
0 0.314453 0.511806 0.027344 0.112500
1 0.707422 0.378472 0.061719 0.101389
1 0.667969 0.214583 0.034375 0.048611
0 0.882031 0.397917 0.025000 0.073611
0 0.825781 0.338889 0.020313 0.066667
0 0.784375 0.299306 0.017188 0.068056
0 0.974609 0.499306 0.035156 0.106944
0 0.917969 0.410417 0.025000 0.079167
0 0.730469 0.237500 0.015625 0.050000
1 0.628906 0.164583 0.023438 0.043056
1 0.826953 0.590278 0.130469 0.180556
