0 0.276953 0.764583 0.046094 0.187500
0 0.132422 0.794444 0.055469 0.188889
0 0.168750 0.820833 0.051562 0.197222
0 0.201563 0.904167 0.056250 0.191667
0 0.243359 0.623611 0.041406 0.147222
0 0.319922 0.588194 0.032031 0.131944
0 0.275391 0.539583 0.032031 0.115278
0 0.367188 0.508333 0.028125 0.108333
0 0.400000 0.395833 0.018750 0.077778
0 0.354687 0.398611 0.021875 0.080556
0 0.398047 0.324306 0.016406 0.056944
0 0.413281 0.300694 0.015625 0.062500
0 0.444141 0.277778 0.013281 0.055556
0 0.432812 0.256250 0.009375 0.051389
0 0.423828 0.321528 0.014844 0.068056
0 0.461328 0.229861 0.008594 0.040278
0 0.446875 0.235417 0.014063 0.040278
0 0.369531 0.365278 0.020313 0.080556
0 0.378125 0.316667 0.021875 0.063889
0 0.409375 0.266667 0.012500 0.044444
0 0.342578 0.454861 0.019531 0.098611
0 0.314453 0.493056 0.024219 0.102778
0 0.447266 0.178472 0.011719 0.031944
1 0.535937 0.178472 0.021875 0.037500
1 0.534375 0.138889 0.015625 0.025000
1 0.508984 0.127778 0.013281 0.019444
1 0.639844 0.275000 0.042188 0.055556
1 0.678906 0.343056 0.051562 0.077778
1 0.649609 0.220139 0.028906 0.040278
1 0.626953 0.194444 0.022656 0.033333
1 0.600391 0.154167 0.014844 0.022222
3 0.633594 0.141667 0.021875 0.033333
1 0.739844 0.474306 0.082812 0.112500
1 0.808203 0.443750 0.082031 0.098611
1 0.700781 0.295833 0.040625 0.052778
0 0.896484 0.455556 0.027344 0.083333
0 0.925391 0.459028 0.024219 0.081944
0 0.880859 0.425694 0.024219 0.079167
0 0.864844 0.393750 0.020313 0.070833
0 0.790234 0.333333 0.017969 0.061111
0 0.765234 0.300000 0.019531 0.055556
0 0.719531 0.252083 0.012500 0.037500
0 0.704688 0.241667 0.012500 0.041667
0 0.690234 0.229167 0.011719 0.036111
0 0.678125 0.206944 0.009375 0.030556
0 0.660937 0.186111 0.006250 0.022222
0 0.698828 0.212500 0.010156 0.030556
0 0.691797 0.163889 0.007031 0.022222
0 0.318359 0.434028 0.021094 0.081944
