0 0.287109 0.768750 0.036719 0.176389
0 0.212500 0.923611 0.060937 0.152778
0 0.125391 0.876389 0.053906 0.172222
0 0.202734 0.835417 0.047656 0.179167
0 0.227344 0.712500 0.037500 0.147222
0 0.217188 0.638889 0.035937 0.163889
0 0.282422 0.593056 0.032031 0.133333
0 0.293750 0.663194 0.032813 0.123611
0 0.330078 0.549306 0.028906 0.123611
0 0.317188 0.511806 0.026562 0.106944
0 0.356641 0.452778 0.021094 0.091667
0 0.392188 0.452083 0.020313 0.090278
0 0.900391 0.411111 0.024219 0.083333
0 0.839063 0.390278 0.023438 0.077778
0 0.855469 0.372917 0.021875 0.065278
0 0.801172 0.347222 0.016406 0.055556
1 0.855078 0.515972 0.099219 0.120833
1 0.701953 0.304167 0.042969 0.058333
1 0.655078 0.238194 0.035156 0.048611
1 0.614453 0.230556 0.028906 0.052778
