1 0.438672 0.684722 0.103906 0.250000
1 0.603906 0.836111 0.117188 0.327778
1 0.753906 0.395833 0.060937 0.083333
1 0.567187 0.411806 0.046875 0.087500
1 0.488281 0.447222 0.053125 0.119444
1 0.490625 0.340278 0.039062 0.069444
1 0.549219 0.308333 0.037500 0.072222
1 0.497266 0.283333 0.033594 0.047222
1 0.664453 0.274306 0.030469 0.043056
1 0.622656 0.215972 0.020313 0.034722
1 0.546484 0.258333 0.032031 0.044444
0 0.108203 0.879861 0.066406 0.195833
0 0.229297 0.920139 0.057031 0.159722
0 0.201563 0.859722 0.042188 0.202778
0 0.282031 0.750694 0.037500 0.170833
0 0.242188 0.659722 0.034375 0.138889
0 0.291016 0.627083 0.035156 0.120833
0 0.339844 0.625694 0.032813 0.145833
0 0.274609 0.597917 0.028906 0.131944
0 0.292969 0.522917 0.028125 0.098611
0 0.330859 0.575694 0.025781 0.098611
0 0.362109 0.534028 0.022656 0.104167
0 0.385547 0.498611 0.021094 0.094444
0 0.344922 0.427083 0.017969 0.076389
0 0.321484 0.470139 0.017969 0.093056
0 0.358984 0.465278 0.021094 0.077778
0 0.330469 0.513194 0.023438 0.084722
0 0.917578 0.485417 0.028906 0.084722
0 0.939063 0.465972 0.020313 0.079167
0 0.869141 0.429861 0.027344 0.076389
0 0.837500 0.394444 0.020313 0.066667
0 0.810547 0.384028 0.019531 0.059722
