0 0.137500 0.885417 0.054688 0.206944
0 0.251953 0.839583 0.053906 0.179167
0 0.248047 0.727778 0.036719 0.158333
0 0.320312 0.706944 0.039062 0.166667
0 0.266406 0.612500 0.035937 0.130556
0 0.304297 0.543750 0.025781 0.112500
0 0.330469 0.556250 0.029687 0.106944
0 0.360938 0.523611 0.028125 0.116667
0 0.383203 0.550694 0.024219 0.120833
0 0.408984 0.484722 0.028906 0.102778
0 0.366797 0.401389 0.021094 0.069444
0 0.912891 0.432639 0.028906 0.084722
0 0.817578 0.351389 0.016406 0.061111
0 0.844922 0.360417 0.019531 0.068056
1 0.477734 0.552083 0.080469 0.179167
1 0.592578 0.493056 0.071094 0.122222
1 0.701172 0.371528 0.049219 0.079167
1 0.508984 0.318750 0.041406 0.093056
3 0.575781 0.315278 0.057813 0.136111
3 0.740625 0.284028 0.092188 0.159722
