0 0.146094 0.843056 0.056250 0.197222
0 0.210547 0.861111 0.050781 0.197222
0 0.297656 0.736806 0.034375 0.165278
0 0.222266 0.734028 0.041406 0.129167
0 0.243750 0.654861 0.034375 0.120833
0 0.275391 0.561806 0.027344 0.118056
0 0.320703 0.625694 0.030469 0.131944
0 0.353516 0.577083 0.030469 0.120833
0 0.317969 0.531250 0.025000 0.115278
0 0.312500 0.486806 0.025000 0.098611
0 0.346484 0.523611 0.024219 0.091667
0 0.385156 0.486806 0.025000 0.101389
0 0.339453 0.440278 0.019531 0.080556
0 0.408984 0.419444 0.019531 0.086111
0 0.936719 0.504861 0.029687 0.093056
0 0.904687 0.498611 0.026562 0.086111
0 0.837500 0.425000 0.023438 0.069444
1 0.751563 0.400694 0.057813 0.070833
1 0.581641 0.571528 0.083594 0.240278
1 0.478125 0.404861 0.050000 0.106944
1 0.557422 0.416667 0.047656 0.102778
1 0.646484 0.261806 0.030469 0.040278
1 0.501563 0.326389 0.039062 0.069444
1 0.547266 0.299306 0.032031 0.051389
1 0.539844 0.248611 0.028125 0.052778
1 0.498437 0.275694 0.032813 0.040278
