0 0.222656 0.924306 0.067187 0.151389
0 0.223438 0.770833 0.043750 0.183333
0 0.312500 0.710417 0.035937 0.190278
0 0.278516 0.670139 0.035156 0.151389
0 0.362500 0.596528 0.029687 0.123611
0 0.324219 0.575000 0.034375 0.113889
0 0.317188 0.487500 0.021875 0.088889
0 0.355859 0.500694 0.021094 0.101389
0 0.400391 0.457639 0.024219 0.093056
0 0.362500 0.437500 0.020313 0.072222
0 0.910156 0.489583 0.025000 0.090278
0 0.950000 0.488194 0.032813 0.098611
1 0.403906 0.929167 0.129688 0.141667
1 0.489844 0.431250 0.054688 0.137500
1 0.564453 0.419444 0.049219 0.102778
1 0.822266 0.652778 0.122656 0.188889
1 0.950000 0.690972 0.100000 0.154167
1 0.813672 0.454861 0.082031 0.115278
1 0.720703 0.452083 0.069531 0.109722
1 0.740234 0.368056 0.055469 0.077778
1 0.653906 0.327083 0.043750 0.070833
1 0.700391 0.314583 0.038281 0.068056
3 0.558594 0.257639 0.040625 0.112500
1 0.512500 0.256944 0.028125 0.069444
