0 0.195703 0.738194 0.041406 0.181944
0 0.269531 0.702083 0.040625 0.173611
0 0.265234 0.547917 0.028906 0.120833
0 0.326562 0.545139 0.034375 0.126389
0 0.336719 0.409028 0.021875 0.087500
0 0.373828 0.445833 0.024219 0.111111
0 0.370703 0.375000 0.022656 0.083333
0 0.403906 0.383333 0.017188 0.086111
0 0.423828 0.344444 0.019531 0.077778
0 0.394141 0.353472 0.016406 0.087500
0 0.411328 0.261806 0.013281 0.059722
1 0.440234 0.729861 0.117969 0.284722
1 0.586719 0.427083 0.059375 0.112500
1 0.757031 0.455556 0.081250 0.102778
1 0.491406 0.317361 0.043750 0.093056
1 0.504687 0.213194 0.029687 0.051389
1 0.558203 0.225000 0.033594 0.058333
1 0.741406 0.293056 0.054688 0.066667
1 0.689453 0.228472 0.039844 0.048611
1 0.616016 0.161111 0.025781 0.052778
1 0.655078 0.181944 0.030469 0.038889
0 0.941016 0.456250 0.033594 0.093056
0 0.905078 0.413889 0.025781 0.075000
0 0.867188 0.371528 0.021875 0.070833
0 0.836719 0.342361 0.021875 0.073611
0 0.807031 0.292361 0.017188 0.056944
