0 0.335547 0.625000 0.039844 0.141667
0 0.301172 0.798611 0.047656 0.180556
0 0.217969 0.784722 0.042188 0.169444
0 0.200000 0.906250 0.045312 0.187500
0 0.400391 0.447222 0.021094 0.105556
0 0.427344 0.371528 0.021875 0.079167
0 0.442188 0.253472 0.012500 0.048611
0 0.412891 0.311806 0.016406 0.054167
0 0.366016 0.400000 0.021094 0.066667
0 0.395313 0.386806 0.014063 0.059722
1 0.673438 0.340278 0.054688 0.069444
1 0.553516 0.237500 0.028906 0.052778
1 0.520312 0.199306 0.018750 0.040278
1 0.660547 0.236111 0.038281 0.055556
1 0.628125 0.194444 0.023438 0.030556
1 0.602344 0.197222 0.025000 0.036111
0 0.839453 0.359028 0.025781 0.073611
0 0.789844 0.312500 0.018750 0.047222
0 0.809766 0.315972 0.016406 0.054167
0 0.875391 0.384722 0.024219 0.066667
0 0.908984 0.417361 0.028906 0.109722
0 0.708984 0.244444 0.011719 0.044444
0 0.370703 0.472222 0.030469 0.091667
0 0.286328 0.581250 0.039844 0.134722
