0 0.212891 0.736806 0.032031 0.170833
0 0.232422 0.815278 0.044531 0.186111
0 0.310547 0.734722 0.035156 0.161111
0 0.289453 0.679861 0.038281 0.148611
0 0.285156 0.581944 0.031250 0.113889
0 0.327734 0.602083 0.025781 0.131944
0 0.360156 0.616667 0.029687 0.138889
0 0.329688 0.507639 0.025000 0.095833
0 0.402734 0.496528 0.025781 0.098611
0 0.367188 0.434722 0.025000 0.072222
0 0.354687 0.528472 0.026562 0.079167
0 0.364063 0.486111 0.025000 0.088889
0 0.390625 0.409028 0.017188 0.081944
0 0.421875 0.412500 0.017188 0.083333
0 0.164453 0.938889 0.057031 0.122222
0 0.225000 0.947222 0.064062 0.105556
0 0.869531 0.430556 0.023438 0.075000
0 0.910156 0.448611 0.026562 0.075000
0 0.836328 0.380556 0.014844 0.063889
1 0.791797 0.552778 0.086719 0.113889
1 0.769922 0.371528 0.080469 0.118056
1 0.630078 0.677083 0.085156 0.173611
1 0.484375 0.486111 0.070312 0.152778
1 0.509375 0.379167 0.042188 0.077778
1 0.595703 0.422917 0.069531 0.176389
1 0.680078 0.268056 0.033594 0.055556
1 0.639062 0.268056 0.032813 0.052778
1 0.520312 0.259722 0.026562 0.052778
1 0.558594 0.282639 0.029687 0.056944
1 0.567187 0.340278 0.039062 0.072222
