0 0.076563 0.918750 0.071875 0.162500
0 0.167969 0.854861 0.059375 0.237500
0 0.265625 0.715278 0.043750 0.186111
0 0.207813 0.709028 0.043750 0.179167
0 0.301953 0.597222 0.032031 0.138889
0 0.347266 0.536806 0.027344 0.129167
0 0.287109 0.517361 0.038281 0.112500
0 0.312500 0.449306 0.026562 0.098611
0 0.331641 0.473611 0.021094 0.105556
0 0.378516 0.457639 0.022656 0.106944
0 0.356641 0.438194 0.021094 0.081944
0 0.344922 0.397917 0.019531 0.081944
0 0.391406 0.410417 0.017188 0.081944
0 0.374609 0.361806 0.017969 0.087500
1 0.492188 0.385417 0.057813 0.126389
1 0.591797 0.549306 0.082031 0.195833
1 0.570703 0.334722 0.050781 0.086111
1 0.712109 0.358333 0.066406 0.086111
1 0.726953 0.286111 0.052344 0.075000
1 0.835547 0.425694 0.097656 0.120833
1 0.632422 0.213194 0.042969 0.076389
1 0.555078 0.238889 0.039844 0.075000
1 0.494922 0.286806 0.041406 0.081944
1 0.501172 0.229167 0.032031 0.058333
