1 0.665625 0.783333 0.126562 0.294444
1 0.576172 0.361806 0.046094 0.093056
1 0.696484 0.290972 0.050781 0.073611
1 0.652734 0.205556 0.038281 0.069444
1 0.683984 0.191667 0.030469 0.050000
1 0.657031 0.159028 0.028125 0.040278
1 0.623047 0.146528 0.027344 0.034722
1 0.569922 0.143750 0.024219 0.034722
1 0.535547 0.137500 0.024219 0.036111
1 0.463672 0.877083 0.138281 0.245833
0 0.146875 0.902778 0.070312 0.194444
0 0.253125 0.828472 0.053125 0.218056
0 0.195312 0.722222 0.051562 0.180556
0 0.252344 0.613889 0.031250 0.155556
0 0.279297 0.651389 0.039844 0.152778
0 0.322266 0.679167 0.036719 0.175000
0 0.310547 0.552778 0.025781 0.130556
0 0.340234 0.572222 0.032031 0.111111
0 0.380469 0.531250 0.026562 0.126389
0 0.313281 0.471528 0.031250 0.095833
0 0.362891 0.481944 0.027344 0.125000
0 0.355859 0.429167 0.019531 0.069444
0 0.403125 0.438194 0.018750 0.095833
0 0.389453 0.404861 0.019531 0.087500
0 0.385547 0.358333 0.016406 0.069444
0 0.419922 0.390972 0.014844 0.090278
0 0.435937 0.331944 0.014063 0.069444
0 0.443750 0.247917 0.015625 0.056944
0 0.925000 0.388194 0.025000 0.084722
0 0.905078 0.345139 0.021094 0.065278
0 0.867969 0.348611 0.021875 0.075000
0 0.844922 0.304167 0.017969 0.058333
