1 0.652734 0.809722 0.163281 0.380556
1 0.430078 0.904861 0.138281 0.190278
1 0.482422 0.377083 0.067969 0.165278
1 0.496094 0.286806 0.037500 0.079167
1 0.551953 0.268750 0.038281 0.073611
1 0.499219 0.223611 0.029687 0.052778
3 0.584375 0.418750 0.085938 0.234722
0 0.282031 0.817361 0.039062 0.195833
0 0.168359 0.811806 0.058594 0.162500
0 0.235156 0.815972 0.040625 0.187500
0 0.200391 0.706944 0.042969 0.155556
0 0.251563 0.675000 0.046875 0.138889
0 0.269531 0.579167 0.035937 0.133333
0 0.308594 0.665278 0.037500 0.141667
0 0.322656 0.577083 0.032813 0.109722
0 0.303906 0.480556 0.026562 0.113889
0 0.373828 0.487500 0.024219 0.113889
0 0.343750 0.456944 0.025000 0.113889
0 0.331250 0.419444 0.018750 0.094444
0 0.366406 0.404861 0.021875 0.093056
0 0.385937 0.437500 0.021875 0.086111
0 0.406250 0.385417 0.018750 0.076389
0 0.423047 0.352778 0.021094 0.072222
0 0.969922 0.468056 0.039844 0.105556
0 0.932031 0.410417 0.025000 0.090278
0 0.888672 0.390278 0.027344 0.080556
0 0.862500 0.350694 0.026562 0.081944
0 0.836719 0.309028 0.020313 0.059722
0 0.783984 0.286806 0.017969 0.059722
0 0.801172 0.305556 0.014844 0.052778
0 0.760547 0.265278 0.016406 0.047222
