0 0.100391 0.944444 0.063281 0.111111
0 0.200781 0.930556 0.064062 0.138889
0 0.253516 0.781250 0.046094 0.176389
0 0.212500 0.634722 0.039062 0.150000
0 0.290625 0.651389 0.040625 0.127778
0 0.344141 0.551389 0.028906 0.122222
0 0.276562 0.509028 0.034375 0.090278
0 0.272656 0.600000 0.043750 0.094444
0 0.319531 0.481944 0.023438 0.119444
0 0.363672 0.440278 0.021094 0.091667
0 0.393359 0.410417 0.019531 0.090278
0 0.345313 0.376389 0.023438 0.075000
1 0.555469 0.398611 0.054688 0.102778
1 0.933594 0.865278 0.132812 0.269444
1 0.739453 0.479861 0.082031 0.131944
1 0.784766 0.408333 0.064844 0.105556
1 0.685937 0.336806 0.068750 0.109722
1 0.642969 0.274306 0.043750 0.073611
1 0.615625 0.226389 0.029687 0.047222
1 0.636719 0.204167 0.028125 0.044444
