0 0.131641 0.926389 0.071094 0.147222
0 0.270703 0.821528 0.042969 0.193056
0 0.264062 0.722917 0.034375 0.140278
0 0.324219 0.671528 0.031250 0.134722
0 0.380078 0.573611 0.028906 0.105556
0 0.354687 0.552778 0.029687 0.113889
0 0.316016 0.567361 0.032031 0.101389
0 0.366797 0.456250 0.024219 0.079167
0 0.410547 0.495139 0.019531 0.090278
1 0.510547 0.651389 0.094531 0.250000
1 0.504297 0.400694 0.039844 0.120833
1 0.578125 0.404861 0.046875 0.079167
1 0.551953 0.310417 0.032031 0.062500
1 0.517188 0.284722 0.026562 0.047222
1 0.616406 0.256944 0.028125 0.044444
0 0.910547 0.491667 0.022656 0.075000
0 0.957422 0.504167 0.025781 0.063889
