1 0.786328 0.396528 0.100781 0.140278
1 0.784375 0.249306 0.071875 0.093056
1 0.696484 0.134722 0.041406 0.063889
1 0.934766 0.463194 0.130469 0.140278
0 0.102344 0.901389 0.075000 0.197222
0 0.101172 0.770833 0.074219 0.188889
0 0.269141 0.665972 0.052344 0.209722
0 0.330469 0.542361 0.043750 0.162500
0 0.268750 0.468750 0.032813 0.115278
0 0.316406 0.470139 0.026562 0.109722
0 0.256641 0.559028 0.038281 0.123611
0 0.366797 0.427083 0.032031 0.112500
0 0.328125 0.386111 0.031250 0.113889
0 0.296094 0.384028 0.025000 0.115278
0 0.339453 0.313194 0.027344 0.093056
0 0.373047 0.350000 0.032031 0.094444
0 0.402344 0.336806 0.021875 0.106944
0 0.362891 0.267361 0.021094 0.081944
