1 0.442188 0.881944 0.153125 0.236111
1 0.642188 0.888194 0.146875 0.223611
1 0.485547 0.479167 0.058594 0.116667
1 0.584375 0.411806 0.057813 0.115278
1 0.498437 0.354861 0.043750 0.087500
1 0.884375 0.512500 0.126562 0.188889
1 0.761719 0.381250 0.062500 0.093056
1 0.556250 0.281944 0.039062 0.086111
1 0.627344 0.261806 0.034375 0.051389
1 0.509766 0.269444 0.033594 0.055556
1 0.646875 0.231944 0.029687 0.041667
0 0.112500 0.927083 0.062500 0.145833
0 0.248047 0.880556 0.061719 0.238889
0 0.230078 0.661806 0.028906 0.151389
0 0.249219 0.736111 0.050000 0.166667
0 0.345313 0.652778 0.037500 0.150000
0 0.311719 0.606944 0.026562 0.133333
0 0.304297 0.531250 0.024219 0.081944
0 0.372266 0.553472 0.025781 0.120833
0 0.333984 0.543056 0.017969 0.105556
0 0.334375 0.460417 0.017188 0.093056
0 0.349219 0.511111 0.018750 0.102778
0 0.367578 0.467361 0.024219 0.081944
0 0.371094 0.400694 0.021875 0.079167
0 0.396875 0.476389 0.021875 0.100000
0 0.419922 0.430556 0.022656 0.069444
0 0.396484 0.420833 0.019531 0.058333
0 0.427734 0.372917 0.019531 0.056944
0 0.960156 0.508333 0.029687 0.088889
