0 0.191797 0.875000 0.046094 0.205556
0 0.277734 0.865972 0.036719 0.201389
0 0.287891 0.706944 0.041406 0.130556
0 0.334375 0.559028 0.028125 0.106944
0 0.369922 0.514583 0.022656 0.093056
0 0.404297 0.523611 0.017969 0.088889
3 0.472656 0.597222 0.100000 0.319444
0 0.980469 0.593056 0.039062 0.111111
0 0.960156 0.538889 0.039062 0.100000
0 0.857812 0.479167 0.025000 0.086111
1 0.589063 0.555556 0.070312 0.147222
1 0.800000 0.625694 0.112500 0.145833
1 0.787109 0.477778 0.069531 0.088889
1 0.712109 0.375694 0.042969 0.054167
1 0.653516 0.365278 0.038281 0.058333
1 0.681641 0.330556 0.033594 0.044444
1 0.626563 0.307639 0.025000 0.040278
1 0.561719 0.311806 0.032813 0.051389
1 0.508203 0.348611 0.032031 0.063889
1 0.514844 0.302083 0.029687 0.051389
1 0.646875 0.279167 0.023438 0.030556
