1 0.463672 0.729167 0.130469 0.383333
1 0.603516 0.554167 0.074219 0.147222
1 0.724609 0.439583 0.078906 0.106944
1 0.763672 0.384028 0.071094 0.084722
1 0.487500 0.446528 0.067187 0.159722
1 0.576562 0.371528 0.043750 0.079167
1 0.501953 0.331944 0.046094 0.086111
1 0.654297 0.250694 0.032031 0.037500
1 0.562500 0.294444 0.043750 0.100000
0 0.220312 0.900000 0.053125 0.200000
0 0.277344 0.863194 0.054688 0.193056
0 0.258203 0.706250 0.038281 0.176389
0 0.337500 0.653472 0.034375 0.159722
0 0.317969 0.589583 0.029687 0.120833
0 0.378906 0.562500 0.028125 0.125000
0 0.327734 0.513194 0.022656 0.090278
0 0.400391 0.497917 0.024219 0.090278
0 0.419531 0.419444 0.020313 0.077778
0 0.885547 0.451389 0.025781 0.077778
0 0.863672 0.397917 0.021094 0.065278
0 0.817578 0.383333 0.027344 0.072222
