0 0.191406 0.828472 0.054688 0.195833
0 0.215625 0.918750 0.059375 0.162500
0 0.290625 0.777778 0.051562 0.183333
0 0.291406 0.669444 0.034375 0.116667
0 0.283594 0.566667 0.035937 0.113889
0 0.316016 0.598611 0.032031 0.119444
0 0.364453 0.599306 0.032031 0.123611
0 0.383203 0.523611 0.027344 0.091667
0 0.335938 0.545139 0.023438 0.095833
0 0.317188 0.506250 0.023438 0.093056
0 0.354297 0.499306 0.025781 0.101389
0 0.382031 0.447222 0.023438 0.077778
0 0.410547 0.427083 0.017969 0.079167
0 0.428516 0.405556 0.019531 0.069444
0 0.359375 0.427083 0.020313 0.081944
0 0.980469 0.485417 0.035937 0.090278
0 0.923047 0.493056 0.032031 0.083333
0 0.896094 0.447222 0.028125 0.088889
0 0.853125 0.418056 0.021875 0.080556
1 0.419141 0.868750 0.130469 0.262500
1 0.647266 0.842361 0.135156 0.315278
1 0.728516 0.334722 0.060156 0.105556
1 0.567187 0.427778 0.060937 0.122222
1 0.495703 0.425694 0.060156 0.118056
1 0.503516 0.348611 0.041406 0.075000
1 0.552734 0.278472 0.030469 0.062500
1 0.505469 0.274306 0.031250 0.051389
1 0.656641 0.259028 0.028906 0.043056
1 0.635156 0.227083 0.028125 0.037500
