1 0.430859 0.709722 0.122656 0.366667
1 0.474219 0.427083 0.081250 0.190278
1 0.603125 0.674306 0.107813 0.240278
1 0.917969 0.800000 0.164062 0.372222
1 0.873047 0.502083 0.113281 0.118056
1 0.755078 0.335417 0.052344 0.084722
1 0.696094 0.253472 0.035937 0.048611
1 0.663281 0.201389 0.034375 0.044444
1 0.505469 0.260417 0.032813 0.062500
0 0.378906 0.431250 0.020313 0.106944
0 0.319531 0.443056 0.023438 0.100000
0 0.246094 0.802083 0.062500 0.198611
0 0.385547 0.329167 0.021094 0.063889
1 0.571094 0.339583 0.054688 0.112500
0 0.430469 0.272917 0.014063 0.059722
0 0.355078 0.393750 0.022656 0.090278
0 0.821094 0.340278 0.018750 0.069444
0 0.858594 0.335417 0.017188 0.054167
0 0.892578 0.356250 0.027344 0.068056
0 0.922266 0.404861 0.025781 0.084722
0 0.957031 0.475694 0.023438 0.090278
0 0.761719 0.261111 0.012500 0.047222
1 0.622656 0.196528 0.023438 0.043056
1 0.516016 0.190972 0.025781 0.051389
1 0.547656 0.147222 0.021875 0.027778
