1 0.457422 0.829167 0.141406 0.341667
1 0.484766 0.499306 0.069531 0.170833
1 0.499609 0.341667 0.046094 0.094444
1 0.712500 0.396528 0.065625 0.112500
1 0.756250 0.360417 0.053125 0.081944
1 0.655078 0.298611 0.042969 0.066667
1 0.685156 0.262500 0.035937 0.066667
1 0.563672 0.270833 0.036719 0.063889
1 0.509375 0.278472 0.035937 0.054167
1 0.552344 0.206250 0.032813 0.040278
0 0.089453 0.893750 0.063281 0.165278
0 0.196875 0.964583 0.062500 0.070833
0 0.169922 0.877778 0.052344 0.166667
0 0.187891 0.742361 0.044531 0.126389
0 0.275000 0.775694 0.035937 0.184722
0 0.287109 0.646528 0.033594 0.129167
0 0.265234 0.572917 0.033594 0.104167
0 0.334375 0.571528 0.032813 0.118056
0 0.320312 0.464583 0.021875 0.062500
0 0.320312 0.524306 0.021875 0.095833
0 0.374609 0.520139 0.021094 0.095833
0 0.352344 0.475000 0.020313 0.080556
0 0.346875 0.418056 0.017188 0.066667
0 0.374609 0.433333 0.016406 0.072222
0 0.413281 0.414583 0.018750 0.068056
0 0.375391 0.378472 0.019531 0.056944
0 0.400000 0.384722 0.018750 0.063889
0 0.941797 0.473611 0.041406 0.105556
0 0.875391 0.431944 0.030469 0.083333
0 0.852344 0.376389 0.020313 0.052778
0 0.867969 0.395833 0.018750 0.058333
