1 0.429297 0.789583 0.130469 0.340278
1 0.570312 0.373611 0.048438 0.097222
1 0.762891 0.445833 0.111719 0.191667
1 0.679688 0.229167 0.035937 0.061111
1 0.558203 0.279861 0.041406 0.084722
1 0.510938 0.234722 0.035937 0.061111
1 0.551562 0.215278 0.035937 0.041667
0 0.091797 0.921528 0.074219 0.156944
0 0.178906 0.827083 0.062500 0.198611
0 0.248438 0.765972 0.051562 0.179167
0 0.256641 0.609722 0.035156 0.147222
0 0.314063 0.592361 0.032813 0.148611
0 0.303516 0.472222 0.028906 0.100000
0 0.336719 0.518056 0.025000 0.125000
0 0.385937 0.442361 0.028125 0.106944
0 0.334375 0.408333 0.020313 0.088889
0 0.401953 0.357639 0.017969 0.079167
0 0.367188 0.389583 0.025000 0.090278
0 0.932031 0.429167 0.028125 0.088889
0 0.871094 0.388889 0.028125 0.080556
0 0.851172 0.347917 0.019531 0.059722
0 0.813672 0.305556 0.019531 0.066667
