0 0.095703 0.909722 0.053906 0.172222
0 0.216016 0.876389 0.050781 0.172222
0 0.144922 0.757639 0.049219 0.165278
0 0.205469 0.761111 0.035937 0.136111
0 0.219141 0.697917 0.036719 0.145833
0 0.298828 0.706250 0.035156 0.151389
0 0.271484 0.657639 0.032031 0.143056
0 0.258984 0.548611 0.021094 0.127778
0 0.286328 0.565278 0.024219 0.100000
0 0.346875 0.569444 0.023438 0.125000
0 0.306250 0.504167 0.028125 0.108333
0 0.895312 0.441667 0.026562 0.080556
0 0.955469 0.525000 0.031250 0.091667
0 0.966016 0.470139 0.032031 0.093056
1 0.394922 0.886806 0.158594 0.226389
1 0.582812 0.534028 0.081250 0.201389
1 0.489453 0.324306 0.047656 0.106944
1 0.552344 0.295833 0.032813 0.075000
1 0.689844 0.375000 0.068750 0.083333
1 0.773438 0.394444 0.064062 0.086111
1 0.713672 0.302083 0.057031 0.087500
1 0.631250 0.271528 0.034375 0.065278
1 0.671094 0.261111 0.032813 0.069444
