0 0.124219 0.931944 0.070312 0.136111
0 0.221484 0.933333 0.064844 0.133333
0 0.266797 0.834028 0.050781 0.187500
0 0.222266 0.803472 0.049219 0.165278
0 0.316016 0.579167 0.032031 0.133333
0 0.352734 0.643056 0.030469 0.113889
0 0.382031 0.591667 0.028125 0.105556
0 0.354297 0.560417 0.032031 0.090278
0 0.380078 0.469444 0.024219 0.080556
0 0.410938 0.468750 0.018750 0.076389
0 0.857812 0.477083 0.020313 0.081944
0 0.885547 0.481944 0.022656 0.075000
0 0.812891 0.401389 0.017969 0.058333
0 0.796875 0.399306 0.017188 0.054167
1 0.458984 0.853472 0.117969 0.293056
1 0.578906 0.502083 0.060937 0.131944
1 0.842578 0.729167 0.141406 0.194444
1 0.789844 0.470139 0.075000 0.087500
1 0.666406 0.384722 0.043750 0.072222
1 0.694922 0.350694 0.041406 0.056944
1 0.650391 0.292361 0.028906 0.048611
1 0.558984 0.325694 0.033594 0.068056
