0 0.171094 0.919444 0.070312 0.161111
0 0.260547 0.865278 0.041406 0.227778
0 0.214453 0.794444 0.050781 0.175000
0 0.203906 0.694444 0.040625 0.150000
0 0.299609 0.720139 0.041406 0.154167
0 0.269922 0.648611 0.028906 0.155556
0 0.348828 0.579861 0.033594 0.109722
0 0.301563 0.553472 0.026562 0.118056
0 0.328906 0.482639 0.018750 0.095833
0 0.350391 0.513889 0.022656 0.100000
0 0.387891 0.512500 0.017969 0.102778
0 0.378516 0.479861 0.017969 0.101389
0 0.979297 0.553472 0.030469 0.098611
0 0.950781 0.477083 0.034375 0.095833
0 0.832812 0.398611 0.017188 0.066667
0 0.863281 0.390278 0.020313 0.058333
0 0.800781 0.349306 0.018750 0.056944
0 0.782422 0.350694 0.017969 0.065278
1 0.620703 0.874306 0.125781 0.251389
1 0.590625 0.470833 0.071875 0.177778
1 0.477344 0.468750 0.062500 0.131944
1 0.505859 0.294444 0.036719 0.083333
3 0.553125 0.214583 0.031250 0.081944
1 0.762109 0.397917 0.049219 0.104167
1 0.864453 0.528472 0.099219 0.131944
1 0.802734 0.608333 0.116406 0.161111
1 0.651563 0.314583 0.046875 0.076389
1 0.712500 0.331944 0.051562 0.072222
