0 0.045312 0.915278 0.073438 0.169444
0 0.129297 0.913889 0.060156 0.172222
0 0.215234 0.866667 0.053906 0.222222
0 0.173047 0.693056 0.036719 0.163889
0 0.212109 0.717361 0.038281 0.162500
0 0.287891 0.655556 0.035156 0.169444
0 0.247266 0.616667 0.032031 0.155556
0 0.265234 0.506250 0.036719 0.093056
0 0.343750 0.544444 0.026562 0.116667
0 0.325391 0.488194 0.024219 0.129167
0 0.314063 0.447917 0.020313 0.084722
0 0.374219 0.444444 0.020313 0.097222
0 0.344531 0.425000 0.025000 0.091667
0 0.378516 0.381250 0.019531 0.065278
0 0.403516 0.352778 0.014844 0.069444
0 0.340625 0.348611 0.017188 0.055556
0 0.966797 0.465972 0.033594 0.090278
0 0.916406 0.449306 0.026562 0.076389
0 0.857422 0.393056 0.014844 0.072222
0 0.879687 0.390278 0.017188 0.063889
0 0.903516 0.420833 0.024219 0.091667
1 0.861719 0.522917 0.107813 0.120833
1 0.742578 0.346528 0.067969 0.095833
1 0.650781 0.220833 0.029687 0.047222
3 0.492188 0.185417 0.035937 0.098611
