0 0.257031 0.884722 0.046875 0.208333
0 0.139844 0.931944 0.046875 0.136111
0 0.124609 0.864583 0.052344 0.184722
0 0.205859 0.795833 0.057031 0.208333
0 0.255859 0.613889 0.030469 0.133333
0 0.282813 0.630556 0.025000 0.150000
0 0.310547 0.679167 0.030469 0.161111
0 0.324609 0.506250 0.022656 0.115278
0 0.371875 0.520139 0.025000 0.112500
0 0.360938 0.475000 0.020313 0.077778
0 0.395313 0.455556 0.021875 0.086111
0 0.369141 0.422917 0.017969 0.084722
0 0.365625 0.393056 0.018750 0.075000
0 0.948828 0.446528 0.027344 0.081944
0 0.915625 0.443750 0.025000 0.084722
0 0.895312 0.372917 0.020313 0.062500
0 0.841406 0.331250 0.015625 0.059722
0 0.822656 0.322222 0.017188 0.063889
1 0.487500 0.475000 0.064062 0.152778
1 0.583203 0.399306 0.057031 0.120833
1 0.762500 0.340278 0.060937 0.077778
1 0.571094 0.279861 0.037500 0.070833
1 0.512891 0.290278 0.038281 0.083333
1 0.527344 0.196528 0.025000 0.073611
1 0.567969 0.215972 0.028125 0.045833
1 0.633594 0.210417 0.029687 0.045833
1 0.654297 0.189583 0.022656 0.040278
