1 0.426953 0.898611 0.121094 0.202778
1 0.594141 0.673611 0.080469 0.194444
1 0.473438 0.504861 0.068750 0.148611
1 0.575000 0.475694 0.059375 0.120833
1 0.499219 0.312500 0.032813 0.069444
1 0.559375 0.352083 0.042188 0.109722
1 0.719922 0.354861 0.047656 0.062500
0 0.954297 0.533333 0.028906 0.094444
0 0.935937 0.472222 0.029687 0.080556
0 0.901953 0.472917 0.025781 0.079167
0 0.874219 0.434028 0.023438 0.073611
0 0.842187 0.423611 0.023438 0.063889
0 0.105469 0.904167 0.062500 0.191667
0 0.225781 0.867361 0.045312 0.190278
0 0.201953 0.778472 0.042969 0.179167
0 0.255859 0.681944 0.028906 0.155556
0 0.299609 0.564583 0.025781 0.109722
0 0.285938 0.539583 0.023438 0.112500
0 0.332031 0.576389 0.026562 0.116667
0 0.370312 0.570139 0.026562 0.115278
0 0.392578 0.505556 0.019531 0.100000
0 0.369141 0.486111 0.021094 0.083333
0 0.340234 0.506944 0.019531 0.088889
