0 0.236719 0.885417 0.068750 0.229167
0 0.335156 0.581944 0.039062 0.144444
0 0.353906 0.440278 0.025000 0.108333
0 0.388281 0.480556 0.025000 0.111111
0 0.407031 0.395139 0.020313 0.081944
0 0.407031 0.323611 0.023438 0.066667
0 0.430078 0.388889 0.021094 0.069444
0 0.428516 0.337500 0.017969 0.058333
0 0.450391 0.302083 0.017969 0.065278
0 0.904687 0.420139 0.028125 0.095833
0 0.844531 0.338889 0.021875 0.066667
0 0.967187 0.447917 0.032813 0.084722
1 0.766406 0.340278 0.059375 0.083333
1 0.722266 0.367361 0.058594 0.084722
1 0.587891 0.463889 0.050781 0.125000
1 0.575391 0.268750 0.042969 0.070833
1 0.635938 0.220139 0.031250 0.045833
1 0.668750 0.272222 0.042188 0.055556
3 0.705859 0.229167 0.060156 0.105556
