0 0.184766 0.867361 0.047656 0.212500
0 0.139063 0.818750 0.051562 0.193056
0 0.289844 0.656250 0.034375 0.145833
0 0.309375 0.555556 0.029687 0.108333
0 0.326953 0.470833 0.017969 0.091667
0 0.370312 0.486806 0.026562 0.101389
0 0.376172 0.403472 0.016406 0.070833
0 0.828125 0.437500 0.023438 0.072222
0 0.788672 0.383333 0.017969 0.061111
0 0.760156 0.356944 0.017188 0.055556
1 0.560547 0.690972 0.108594 0.231944
1 0.448047 0.465972 0.053906 0.123611
1 0.526563 0.384028 0.040625 0.093056
1 0.470313 0.341667 0.034375 0.061111
1 0.802734 0.526389 0.089844 0.111111
1 0.702344 0.384028 0.051562 0.070833
1 0.667188 0.331250 0.051562 0.079167
1 0.603125 0.275000 0.029687 0.052778
