1 0.465625 0.410417 0.075000 0.151389
1 0.608984 0.528472 0.114844 0.298611
1 0.723047 0.306250 0.075781 0.109722
1 0.932813 0.502083 0.134375 0.170833
1 0.571094 0.344444 0.067187 0.150000
1 0.564844 0.215278 0.050000 0.105556
1 0.487891 0.178472 0.046094 0.098611
1 0.561328 0.138194 0.038281 0.070833
0 0.168359 0.752778 0.055469 0.219444
0 0.184375 0.889583 0.057813 0.220833
0 0.236719 0.477778 0.032813 0.147222
0 0.306250 0.548611 0.040625 0.172222
0 0.267969 0.404861 0.032813 0.112500
0 0.304688 0.340972 0.021875 0.106944
0 0.357812 0.356250 0.026562 0.106944
0 0.328125 0.377778 0.028125 0.100000
0 0.329688 0.292361 0.023438 0.084722
0 0.341406 0.245833 0.018750 0.072222
0 0.354297 0.284028 0.016406 0.051389
0 0.926172 0.350000 0.035156 0.088889
0 0.885938 0.279861 0.025000 0.079167
0 0.862109 0.253472 0.021094 0.073611
0 0.838672 0.256944 0.022656 0.069444
0 0.952734 0.327778 0.030469 0.094444
0 0.825391 0.201389 0.022656 0.066667
