1 0.418750 0.727778 0.139063 0.363889
1 0.561328 0.314583 0.060156 0.131944
1 0.723437 0.229167 0.056250 0.069444
1 0.658203 0.212500 0.049219 0.075000
1 0.545312 0.168750 0.042188 0.070833
1 0.647266 0.164583 0.042969 0.051389
0 0.145313 0.908333 0.075000 0.183333
0 0.181641 0.631944 0.047656 0.175000
0 0.321875 0.504167 0.034375 0.152778
0 0.338281 0.322222 0.020313 0.102778
0 0.369531 0.340278 0.023438 0.091667
0 0.369922 0.268750 0.021094 0.073611
0 0.398047 0.196528 0.017969 0.062500
0 0.431250 0.153472 0.018750 0.062500
0 0.910547 0.365972 0.033594 0.101389
0 0.868750 0.311806 0.026562 0.090278
0 0.832422 0.245833 0.022656 0.072222
