0 0.238672 0.895833 0.057031 0.208333
0 0.212109 0.811806 0.046094 0.198611
0 0.244922 0.644444 0.036719 0.163889
0 0.303516 0.625694 0.033594 0.154167
0 0.314453 0.471528 0.022656 0.106944
0 0.347656 0.550694 0.029687 0.137500
0 0.374219 0.496528 0.028125 0.115278
0 0.354297 0.452778 0.021094 0.097222
0 0.397266 0.419444 0.025781 0.108333
0 0.374219 0.386111 0.021875 0.083333
0 0.435156 0.302778 0.018750 0.066667
0 0.409766 0.343056 0.017969 0.066667
0 0.410547 0.287500 0.013281 0.061111
0 0.453906 0.265972 0.014063 0.056944
0 0.948828 0.468750 0.030469 0.087500
0 0.917188 0.429861 0.026562 0.081944
0 0.881641 0.395139 0.024219 0.081944
0 0.858594 0.371528 0.020313 0.068056
0 0.833203 0.338889 0.021094 0.063889
0 0.802344 0.308333 0.020313 0.063889
1 0.588281 0.513194 0.079687 0.156944
1 0.760156 0.465278 0.085938 0.108333
1 0.484766 0.366667 0.049219 0.111111
1 0.507812 0.259028 0.035937 0.070833
1 0.559375 0.225000 0.026562 0.047222
1 0.631641 0.215972 0.028906 0.043056
1 0.666406 0.199306 0.031250 0.043056
1 0.642578 0.167361 0.025781 0.031944
1 0.521094 0.163194 0.023438 0.040278
