1 0.466406 0.509028 0.093750 0.204167
1 0.482812 0.304861 0.060937 0.126389
1 0.578125 0.315972 0.064062 0.112500
1 0.658594 0.097917 0.034375 0.045833
1 0.501953 0.177778 0.047656 0.091667
3 0.882812 0.554861 0.234375 0.559722
0 0.911328 0.277778 0.032031 0.077778
0 0.975000 0.347222 0.031250 0.094444
0 0.131641 0.912500 0.077344 0.175000
0 0.041406 0.885417 0.081250 0.229167
0 0.239453 0.808333 0.057031 0.236111
0 0.169531 0.636111 0.046875 0.180556
0 0.238281 0.604167 0.045312 0.177778
0 0.287891 0.622917 0.047656 0.179167
0 0.234375 0.486111 0.035937 0.125000
0 0.287109 0.485417 0.028906 0.129167
0 0.281641 0.394444 0.027344 0.108333
0 0.342969 0.479861 0.031250 0.137500
0 0.321484 0.422222 0.028906 0.119444
0 0.374609 0.376389 0.028906 0.116667
0 0.334375 0.337500 0.023438 0.094444
