1 0.842187 0.538889 0.156250 0.258333
1 0.457422 0.796528 0.111719 0.301389
1 0.494922 0.440278 0.060156 0.125000
1 0.513672 0.296528 0.039844 0.076389
0 0.267188 0.858333 0.053125 0.211111
0 0.228516 0.640278 0.038281 0.158333
0 0.283203 0.647917 0.035156 0.162500
0 0.273828 0.561806 0.032031 0.131944
0 0.337891 0.619444 0.028906 0.158333
0 0.306641 0.566667 0.030469 0.122222
0 0.367188 0.529167 0.023438 0.122222
0 0.368359 0.393056 0.016406 0.083333
0 0.378516 0.450694 0.025781 0.098611
0 0.419531 0.393750 0.021875 0.084722
0 0.394922 0.387500 0.017969 0.072222
0 0.889844 0.370139 0.028125 0.070833
0 0.853516 0.313889 0.017969 0.058333
0 0.867969 0.340972 0.023438 0.062500
0 0.825781 0.302083 0.015625 0.062500
0 0.798828 0.281944 0.016406 0.055556
1 0.635156 0.183333 0.025000 0.041667
3 0.571875 0.200000 0.035937 0.086111
1 0.529297 0.213889 0.032031 0.055556
1 0.520703 0.245833 0.032031 0.050000
