0 0.227734 0.747222 0.053906 0.205556
0 0.294531 0.651389 0.037500 0.194444
0 0.258984 0.472222 0.035156 0.144444
0 0.229687 0.603472 0.043750 0.143056
0 0.278516 0.579861 0.032031 0.156944
0 0.332422 0.509028 0.033594 0.156944
0 0.308203 0.457639 0.032031 0.131944
0 0.358984 0.430556 0.028906 0.130556
0 0.391016 0.313194 0.025781 0.101389
0 0.417187 0.289583 0.026562 0.098611
0 0.331641 0.303472 0.024219 0.070833
0 0.367578 0.268056 0.022656 0.091667
0 0.119141 0.708333 0.063281 0.186111
1 0.840625 0.335417 0.090625 0.115278
1 0.462109 0.520833 0.105469 0.236111
