1 0.729297 0.361806 0.055469 0.098611
1 0.666797 0.246528 0.035156 0.068056
1 0.699219 0.240972 0.029687 0.045833
1 0.667188 0.197917 0.025000 0.045833
0 0.146094 0.847917 0.053125 0.181944
0 0.201953 0.879861 0.060156 0.179167
0 0.280469 0.701389 0.042188 0.183333
0 0.324219 0.711806 0.037500 0.187500
0 0.356250 0.607639 0.034375 0.134722
0 0.398438 0.378472 0.026562 0.076389
0 0.444531 0.283333 0.017188 0.063889
0 0.464453 0.290278 0.014844 0.058333
0 0.485938 0.279167 0.014063 0.052778
0 0.476953 0.218750 0.010156 0.051389
0 0.973047 0.491667 0.022656 0.091667
0 0.991016 0.460417 0.017969 0.076389
0 0.939844 0.434722 0.028125 0.091667
0 0.868750 0.377778 0.020313 0.077778
0 0.892188 0.369444 0.017188 0.066667
0 0.857812 0.334028 0.014063 0.051389
0 0.826562 0.336806 0.015625 0.062500
