3 0.594922 0.534722 0.124219 0.388889
0 0.094531 0.857639 0.054688 0.215278
0 0.189453 0.890972 0.063281 0.218056
0 0.260156 0.699306 0.051562 0.206944
0 0.205078 0.689583 0.044531 0.179167
0 0.229297 0.599306 0.033594 0.131944
0 0.292969 0.535417 0.037500 0.134722
0 0.335938 0.543056 0.026562 0.133333
0 0.366406 0.471528 0.028125 0.115278
0 0.321875 0.427778 0.021875 0.091667
0 0.330859 0.465972 0.024219 0.093056
0 0.338281 0.392361 0.023438 0.079167
0 0.372656 0.407639 0.021875 0.073611
0 0.410938 0.355556 0.020313 0.080556
0 0.936719 0.447917 0.034375 0.098611
0 0.968359 0.451389 0.033594 0.083333
0 0.898047 0.380556 0.028906 0.086111
0 0.840234 0.346528 0.027344 0.070833
1 0.827344 0.567361 0.112500 0.148611
1 0.694141 0.305556 0.064844 0.125000
1 0.683984 0.217361 0.057031 0.065278
1 0.630078 0.153472 0.027344 0.043056
1 0.451953 0.546528 0.082031 0.193056
1 0.563281 0.321528 0.051562 0.079167
1 0.500781 0.222222 0.031250 0.055556
1 0.551562 0.265972 0.039062 0.065278
1 0.550391 0.216667 0.035156 0.050000
1 0.542969 0.164583 0.028125 0.043056
