0 0.319141 0.860417 0.041406 0.181944
0 0.267969 0.772222 0.032813 0.166667
0 0.296875 0.680556 0.031250 0.119444
0 0.346875 0.684722 0.025000 0.127778
0 0.379297 0.694444 0.024219 0.144444
0 0.348047 0.593750 0.033594 0.093056
0 0.388281 0.589583 0.026562 0.104167
0 0.415625 0.595833 0.028125 0.100000
0 0.431641 0.528472 0.022656 0.079167
0 0.382812 0.503472 0.025000 0.076389
0 0.233594 0.921528 0.045312 0.156944
1 0.492578 0.730556 0.096094 0.238889
1 0.530859 0.416667 0.039844 0.077778
1 0.686719 0.868750 0.132812 0.262500
1 0.717969 0.355556 0.043750 0.077778
1 0.668750 0.350000 0.037500 0.069444
1 0.689844 0.320139 0.026562 0.037500
1 0.651172 0.311806 0.025781 0.037500
