1 0.484766 0.469444 0.078906 0.158333
1 0.600000 0.459722 0.078125 0.152778
1 0.770312 0.457639 0.090625 0.109722
1 0.508594 0.297917 0.037500 0.068056
1 0.573047 0.294444 0.044531 0.080556
1 0.659766 0.240972 0.036719 0.054167
1 0.633203 0.197222 0.027344 0.041667
1 0.679297 0.206944 0.035156 0.047222
1 0.512500 0.246528 0.028125 0.048611
0 0.270703 0.843056 0.042969 0.197222
0 0.199219 0.836111 0.046875 0.202778
0 0.180469 0.752778 0.042188 0.180556
0 0.278516 0.568750 0.035156 0.131944
0 0.313672 0.593056 0.032031 0.141667
0 0.392188 0.461111 0.021875 0.105556
0 0.345313 0.470833 0.025000 0.108333
0 0.336328 0.413889 0.017969 0.086111
0 0.375781 0.440278 0.018750 0.108333
0 0.428125 0.377778 0.018750 0.091667
0 0.405859 0.389583 0.021094 0.081944
0 0.376563 0.340278 0.023438 0.077778
0 0.942969 0.446528 0.034375 0.095833
0 0.920703 0.376389 0.027344 0.077778
0 0.875391 0.377083 0.024219 0.076389
0 0.853125 0.331250 0.020313 0.070833
0 0.831641 0.329167 0.019531 0.066667
0 0.820703 0.277083 0.016406 0.054167
0 0.794531 0.275694 0.018750 0.051389
