0 0.134766 0.923611 0.053906 0.152778
0 0.192578 0.950694 0.049219 0.098611
0 0.262109 0.834028 0.042969 0.204167
0 0.233203 0.765278 0.032031 0.197222
0 0.176563 0.770139 0.048438 0.173611
0 0.255859 0.612500 0.027344 0.138889
0 0.294141 0.631250 0.030469 0.120833
0 0.349609 0.594444 0.017969 0.105556
0 0.300391 0.569444 0.032031 0.113889
0 0.319531 0.529167 0.021875 0.105556
0 0.357031 0.518750 0.025000 0.095833
0 0.383203 0.500000 0.021094 0.105556
0 0.301563 0.493056 0.018750 0.080556
0 0.401172 0.440972 0.021094 0.087500
0 0.982812 0.535417 0.034375 0.109722
0 0.924609 0.513194 0.032031 0.095833
0 0.882031 0.434028 0.021875 0.084722
0 0.827344 0.362500 0.018750 0.069444
1 0.598828 0.626389 0.085156 0.213889
1 0.481250 0.447917 0.053125 0.131944
1 0.572656 0.459028 0.059375 0.123611
1 0.563672 0.378472 0.046094 0.084722
1 0.497656 0.320139 0.040625 0.076389
1 0.551172 0.292361 0.036719 0.059722
1 0.506250 0.231944 0.029687 0.069444
1 0.637109 0.274306 0.038281 0.062500
1 0.701953 0.404167 0.064844 0.097222
1 0.762500 0.389583 0.062500 0.087500
