1 0.601172 0.572917 0.096094 0.226389
1 0.825391 0.329167 0.080469 0.100000
1 0.484766 0.350694 0.072656 0.162500
1 0.581250 0.226389 0.050000 0.111111
1 0.667188 0.165278 0.048438 0.072222
1 0.497656 0.206250 0.046875 0.087500
0 0.126953 0.754861 0.057031 0.229167
0 0.191406 0.804861 0.053125 0.195833
0 0.292969 0.637500 0.043750 0.183333
0 0.228125 0.622917 0.048438 0.173611
0 0.333984 0.495833 0.030469 0.136111
0 0.308984 0.455556 0.022656 0.130556
0 0.296484 0.389583 0.028906 0.104167
0 0.366797 0.425000 0.030469 0.130556
0 0.239453 0.477083 0.032031 0.098611
0 0.255469 0.535417 0.031250 0.134722
0 0.934375 0.293056 0.031250 0.072222
0 0.892969 0.254861 0.026562 0.070833
0 0.970313 0.363194 0.039062 0.081944
