0 0.089453 0.928472 0.061719 0.143056
0 0.158594 0.958333 0.045312 0.083333
0 0.194141 0.796528 0.050781 0.198611
0 0.262500 0.765278 0.035937 0.205556
0 0.211328 0.685417 0.038281 0.154167
0 0.276953 0.577083 0.028906 0.151389
0 0.331641 0.586111 0.028906 0.147222
0 0.353516 0.500000 0.025781 0.122222
0 0.310937 0.498611 0.023438 0.113889
0 0.257812 0.507639 0.025000 0.112500
0 0.385937 0.398611 0.025000 0.100000
0 0.349219 0.410417 0.021875 0.090278
0 0.337891 0.384722 0.021094 0.091667
3 0.477344 0.338889 0.081250 0.219444
0 0.920703 0.414583 0.028906 0.098611
0 0.985938 0.527778 0.028125 0.116667
0 0.860156 0.387500 0.023438 0.080556
0 0.880859 0.380556 0.017969 0.072222
0 0.820312 0.346528 0.018750 0.073611
0 0.841406 0.324306 0.021875 0.068056
1 0.922266 0.829167 0.155469 0.277778
1 0.693750 0.268056 0.045312 0.066667
1 0.658594 0.213889 0.034375 0.047222
1 0.540234 0.163194 0.022656 0.051389
1 0.502734 0.155556 0.025781 0.044444
