0 0.156250 0.888889 0.065625 0.222222
0 0.303125 0.658333 0.045312 0.172222
0 0.270703 0.586111 0.033594 0.136111
0 0.318359 0.514583 0.033594 0.115278
0 0.339844 0.561806 0.031250 0.129167
0 0.379297 0.465278 0.027344 0.111111
0 0.363672 0.428472 0.019531 0.093056
0 0.380469 0.374306 0.015625 0.076389
0 0.410547 0.374306 0.022656 0.081944
0 0.426953 0.324306 0.016406 0.076389
0 0.410156 0.306250 0.018750 0.065278
0 0.958594 0.451389 0.031250 0.094444
0 0.924609 0.440972 0.025781 0.090278
0 0.910937 0.394444 0.025000 0.066667
0 0.874219 0.386111 0.025000 0.066667
0 0.888672 0.360417 0.021094 0.068056
0 0.848828 0.354167 0.019531 0.061111
0 0.803125 0.310417 0.020313 0.059722
1 0.417578 0.861806 0.150781 0.276389
1 0.848047 0.649306 0.127344 0.168056
1 0.509766 0.306944 0.042969 0.088889
1 0.672266 0.295139 0.046094 0.065278
1 0.772656 0.349306 0.056250 0.084722
1 0.724609 0.293056 0.047656 0.058333
1 0.697656 0.247222 0.035937 0.050000
1 0.644141 0.231944 0.033594 0.047222
1 0.653906 0.195833 0.028125 0.044444
1 0.519922 0.206250 0.025781 0.048611
