1 0.759766 0.361111 0.086719 0.122222
1 0.489453 0.390972 0.072656 0.140278
1 0.573438 0.215278 0.056250 0.100000
1 0.640625 0.126389 0.035937 0.063889
1 0.703516 0.161806 0.042969 0.056944
1 0.503906 0.183333 0.039062 0.072222
0 0.253516 0.752083 0.058594 0.212500
0 0.095703 0.834722 0.074219 0.180556
0 0.268750 0.461111 0.040625 0.127778
0 0.360547 0.418750 0.036719 0.115278
0 0.334375 0.553472 0.032813 0.154167
0 0.357812 0.283333 0.023438 0.094444
0 0.429297 0.263194 0.022656 0.076389
0 0.400781 0.266667 0.020313 0.077778
0 0.931250 0.330556 0.037500 0.091667
0 0.881250 0.309028 0.031250 0.090278
0 0.974219 0.339583 0.034375 0.090278
0 0.853906 0.265972 0.026562 0.065278
