0 0.302344 0.611111 0.039062 0.138889
0 0.397656 0.428472 0.021875 0.098611
0 0.379688 0.403472 0.023438 0.104167
0 0.360938 0.374306 0.020313 0.090278
0 0.417578 0.345139 0.016406 0.079167
0 0.395313 0.307639 0.018750 0.070833
0 0.443750 0.280556 0.018750 0.058333
0 0.422266 0.286111 0.011719 0.061111
0 0.437109 0.227778 0.014844 0.052778
0 0.458594 0.220139 0.009375 0.040278
0 0.966797 0.502083 0.033594 0.095833
0 0.944922 0.454861 0.024219 0.076389
0 0.903906 0.438889 0.020313 0.080556
0 0.923438 0.429167 0.017188 0.075000
0 0.881641 0.406944 0.021094 0.075000
0 0.846094 0.364583 0.018750 0.065278
1 0.414844 0.893056 0.137500 0.213889
1 0.585547 0.545833 0.088281 0.194444
1 0.485547 0.436111 0.057031 0.161111
1 0.548828 0.226389 0.038281 0.075000
1 0.503906 0.197222 0.028125 0.063889
1 0.657031 0.262500 0.045312 0.080556
1 0.708203 0.395833 0.058594 0.102778
1 0.811328 0.420833 0.083594 0.130556
1 0.946484 0.875000 0.107031 0.250000
1 0.630078 0.217361 0.041406 0.051389
1 0.619141 0.185417 0.024219 0.040278
