1 0.588672 0.525000 0.075781 0.133333
1 0.447266 0.545139 0.085156 0.187500
1 0.560937 0.332639 0.046875 0.084722
1 0.486328 0.291667 0.042969 0.111111
1 0.731250 0.414583 0.098437 0.151389
1 0.908594 0.577778 0.129688 0.155556
0 0.831641 0.350000 0.021094 0.058333
1 0.722656 0.306250 0.054688 0.076389
1 0.661328 0.222222 0.033594 0.050000
1 0.630078 0.177778 0.024219 0.033333
0 0.889453 0.398611 0.024219 0.072222
0 0.326953 0.561111 0.030469 0.119444
0 0.299219 0.680556 0.040625 0.144444
0 0.235547 0.752778 0.041406 0.177778
0 0.292578 0.529167 0.027344 0.122222
0 0.378125 0.439583 0.020313 0.095833
0 0.419531 0.334028 0.017188 0.062500
1 0.541797 0.204167 0.033594 0.047222
0 0.105469 0.865278 0.051562 0.216667
