1 0.450391 0.831944 0.110156 0.336111
1 0.622656 0.613194 0.095312 0.198611
1 0.579688 0.355556 0.043750 0.080556
1 0.516406 0.307639 0.045312 0.084722
1 0.498047 0.413889 0.047656 0.102778
1 0.775781 0.492361 0.078125 0.106944
1 0.671484 0.292361 0.052344 0.095833
1 0.667969 0.225000 0.039062 0.041667
0 0.167969 0.950694 0.084375 0.098611
0 0.194531 0.761806 0.050000 0.156944
0 0.263672 0.740972 0.044531 0.170833
0 0.228516 0.634722 0.032031 0.141667
0 0.282422 0.552083 0.024219 0.123611
0 0.339844 0.620833 0.029687 0.127778
0 0.309375 0.581250 0.023438 0.143056
0 0.357031 0.543750 0.026562 0.112500
0 0.332813 0.499306 0.023438 0.090278
0 0.345703 0.440972 0.025781 0.093056
0 0.406641 0.467361 0.022656 0.098611
0 0.379297 0.430556 0.021094 0.091667
0 0.416406 0.421528 0.021875 0.070833
0 0.985938 0.469444 0.028125 0.094444
0 0.957031 0.502778 0.025000 0.108333
0 0.930859 0.438194 0.024219 0.076389
0 0.903906 0.448611 0.020313 0.083333
0 0.891406 0.381944 0.020313 0.058333
0 0.823438 0.352778 0.017188 0.069444
