0 0.045312 0.885417 0.071875 0.229167
0 0.154688 0.643750 0.048438 0.212500
0 0.187500 0.711806 0.048438 0.237500
0 0.225391 0.800694 0.052344 0.245833
0 0.287891 0.633333 0.042969 0.202778
0 0.269922 0.552778 0.036719 0.147222
0 0.260937 0.456944 0.037500 0.105556
0 0.329297 0.525694 0.036719 0.154167
0 0.310937 0.459028 0.028125 0.115278
0 0.363281 0.397917 0.025000 0.129167
0 0.326953 0.386806 0.028906 0.093056
1 0.768359 0.260417 0.058594 0.093056
1 0.583984 0.409722 0.078906 0.158333
1 0.475391 0.408333 0.080469 0.155556
1 0.405859 0.836111 0.166406 0.327778
1 0.499609 0.244444 0.047656 0.105556
1 0.500000 0.170139 0.039062 0.062500
1 0.558203 0.146528 0.038281 0.068056
1 0.660547 0.098611 0.036719 0.063889
