0 0.353906 0.465278 0.031250 0.111111
0 0.878125 0.387500 0.023438 0.075000
0 0.840625 0.331250 0.020313 0.068056
0 0.956250 0.481944 0.029687 0.091667
0 0.975781 0.437500 0.025000 0.083333
1 0.496484 0.596528 0.091406 0.181944
1 0.511328 0.388889 0.060156 0.111111
1 0.576562 0.294444 0.046875 0.080556
1 0.645703 0.611806 0.108594 0.315278
1 0.819531 0.409722 0.078125 0.094444
1 0.712109 0.351389 0.058594 0.094444
1 0.742578 0.303472 0.050781 0.070833
1 0.696484 0.244444 0.038281 0.058333
1 0.652344 0.237500 0.037500 0.058333
