1 0.421484 0.685417 0.122656 0.304167
1 0.578906 0.488194 0.079687 0.184722
1 0.721094 0.393056 0.089063 0.111111
1 0.549609 0.331944 0.064844 0.108333
1 0.458594 0.359028 0.062500 0.109722
1 0.479297 0.263194 0.044531 0.090278
1 0.534375 0.208333 0.039062 0.080556
1 0.484375 0.195833 0.035937 0.055556
1 0.611719 0.182639 0.034375 0.056944
1 0.623437 0.131250 0.031250 0.051389
0 0.145703 0.854167 0.064844 0.216667
0 0.222656 0.854861 0.067187 0.248611
0 0.209375 0.666667 0.045312 0.161111
0 0.194922 0.602778 0.039844 0.147222
0 0.274219 0.654167 0.037500 0.163889
0 0.249609 0.500694 0.028906 0.131944
0 0.300781 0.545139 0.034375 0.140278
0 0.305859 0.386806 0.024219 0.095833
0 0.338672 0.415972 0.025781 0.109722
0 0.366406 0.396528 0.023438 0.095833
0 0.388672 0.338194 0.021094 0.081944
0 0.918750 0.375000 0.029687 0.088889
0 0.878125 0.358333 0.026562 0.077778
0 0.844531 0.343750 0.031250 0.073611
