3 0.823438 0.524306 0.353125 0.356944
0 0.712109 0.350694 0.028906 0.090278
0 0.631641 0.474306 0.047656 0.115278
0 0.382031 0.725694 0.050000 0.231944
0 0.370703 0.544444 0.033594 0.152778
0 0.305859 0.477778 0.033594 0.130556
0 0.353516 0.362500 0.027344 0.108333
0 0.381250 0.321528 0.023438 0.084722
0 0.297266 0.304861 0.024219 0.084722
0 0.407031 0.299306 0.021875 0.084722
0 0.422266 0.243056 0.016406 0.066667
0 0.363672 0.243056 0.013281 0.072222
3 0.479297 0.086111 0.024219 0.047222
0 0.453906 0.100000 0.007812 0.030556
1 0.735938 0.223611 0.056250 0.063889
0 0.657422 0.207639 0.013281 0.054167
0 0.779297 0.203472 0.019531 0.056944
