0 0.254297 0.620139 0.075781 0.173611
0 0.425000 0.584722 0.050000 0.172222
0 0.317969 0.700000 0.051562 0.194444
0 0.357031 0.798611 0.056250 0.255556
0 0.830859 0.342361 0.063281 0.093056
0 0.733203 0.226389 0.025781 0.061111
0 0.884375 0.245833 0.021875 0.061111
0 0.475391 0.307639 0.022656 0.084722
0 0.452734 0.342361 0.022656 0.098611
0 0.420312 0.307639 0.020313 0.084722
0 0.444922 0.232639 0.014844 0.065278
0 0.426953 0.222222 0.016406 0.063889
3 0.389453 0.192361 0.064844 0.129167
1 0.785156 0.234028 0.051562 0.070833
1 0.930859 0.329861 0.088281 0.090278
1 0.621484 0.293056 0.052344 0.086111
1 0.586328 0.217361 0.042969 0.062500
