1 0.660156 0.671528 0.123438 0.268056
1 0.607422 0.170833 0.036719 0.058333
0 0.391016 0.850000 0.063281 0.263889
0 0.268750 0.632639 0.043750 0.206944
0 0.324219 0.636111 0.039062 0.194444
0 0.396875 0.583333 0.051562 0.175000
0 0.327734 0.412500 0.027344 0.116667
0 0.490625 0.492361 0.031250 0.134722
0 0.394922 0.471528 0.025781 0.104167
0 0.363281 0.393750 0.028125 0.106944
0 0.394141 0.399306 0.022656 0.101389
0 0.442578 0.424306 0.030469 0.118056
0 0.487109 0.401389 0.025781 0.097222
0 0.410156 0.325694 0.020313 0.087500
0 0.442969 0.315972 0.020313 0.095833
