1 0.577344 0.368056 0.068750 0.130556
1 0.851953 0.326389 0.092969 0.108333
1 0.787891 0.252778 0.075781 0.102778
0 0.285156 0.634028 0.050000 0.179167
0 0.400391 0.611111 0.046094 0.175000
0 0.478125 0.556250 0.045312 0.154167
0 0.880859 0.437500 0.046094 0.127778
0 0.771875 0.324306 0.051562 0.081944
0 0.695312 0.328472 0.051562 0.095833
0 0.445703 0.469444 0.028906 0.138889
0 0.466016 0.387500 0.025781 0.102778
0 0.541797 0.233333 0.014844 0.066667
0 0.446875 0.352083 0.020313 0.090278
0 0.482422 0.319444 0.019531 0.088889
0 0.384766 0.311806 0.025781 0.079167
