0 0.264453 0.883333 0.072656 0.233333
0 0.412500 0.827083 0.054688 0.256944
0 0.357031 0.347917 0.037500 0.104167
0 0.273438 0.397917 0.035937 0.115278
0 0.191797 0.547917 0.049219 0.140278
0 0.432031 0.315972 0.029687 0.084722
0 0.463672 0.331944 0.030469 0.088889
0 0.471484 0.284722 0.017969 0.066667
3 0.391797 0.193750 0.063281 0.126389
1 0.693750 0.464583 0.103125 0.165278
1 0.873828 0.371528 0.094531 0.101389
1 0.761719 0.222222 0.048438 0.055556
0 0.943359 0.348611 0.047656 0.080556
0 0.874609 0.269444 0.022656 0.066667
