0 0.189062 0.861806 0.054688 0.240278
0 0.261719 0.868750 0.070312 0.262500
0 0.471484 0.727083 0.044531 0.218056
0 0.300000 0.467361 0.034375 0.123611
0 0.402734 0.361111 0.027344 0.102778
0 0.391406 0.247222 0.015625 0.061111
1 0.533594 0.350694 0.059375 0.137500
3 0.440625 0.163194 0.034375 0.093056
3 0.563281 0.232639 0.062500 0.140278
1 0.935156 0.388889 0.120313 0.125000
1 0.723047 0.261111 0.061719 0.069444
0 0.730859 0.335417 0.044531 0.081944
0 0.836719 0.263194 0.021875 0.059722
0 0.872656 0.281250 0.023438 0.070833
