1 0.741797 0.627778 0.169531 0.297222
3 0.523828 0.141667 0.047656 0.119444
0 0.104297 0.654167 0.058594 0.205556
0 0.308984 0.663194 0.049219 0.204167
0 0.269922 0.549306 0.042969 0.159722
0 0.232031 0.380556 0.031250 0.108333
0 0.347656 0.500000 0.035937 0.144444
0 0.306641 0.441667 0.035156 0.122222
0 0.402734 0.443750 0.032031 0.126389
0 0.410938 0.363194 0.025000 0.098611
0 0.367188 0.398611 0.025000 0.116667
0 0.385547 0.295139 0.022656 0.084722
0 0.305469 0.348611 0.021875 0.091667
0 0.325000 0.316667 0.020313 0.088889
0 0.343750 0.291667 0.023438 0.083333
0 0.362109 0.209028 0.016406 0.065278
0 0.381250 0.201389 0.015625 0.063889
0 0.412500 0.201389 0.020313 0.063889
