0 0.262891 0.735417 0.053906 0.237500
0 0.326562 0.527083 0.043750 0.173611
0 0.386719 0.446528 0.039062 0.140278
0 0.345703 0.327778 0.024219 0.097222
0 0.405859 0.380556 0.028906 0.108333
0 0.383984 0.309028 0.025781 0.090278
0 0.364063 0.265278 0.021875 0.077778
0 0.418359 0.300694 0.022656 0.090278
0 0.441406 0.284028 0.020313 0.076389
0 0.503125 0.254861 0.039062 0.073611
0 0.409375 0.208333 0.020313 0.063889
0 0.876953 0.321528 0.064844 0.090278
0 0.829688 0.187500 0.017188 0.052778
1 0.637891 0.772917 0.146094 0.320833
1 0.544531 0.357639 0.067187 0.120833
1 0.535156 0.136806 0.032813 0.051389
1 0.492969 0.089583 0.025000 0.045833
1 0.679297 0.422917 0.124219 0.248611
1 0.703906 0.170833 0.043750 0.063889
1 0.752734 0.162500 0.039844 0.047222
