1 0.154688 0.637500 0.168750 0.225000
1 0.319531 0.322222 0.073438 0.091667
1 0.396875 0.164583 0.035937 0.054167
1 0.426172 0.135417 0.027344 0.040278
0 0.523047 0.284028 0.019531 0.079167
0 0.558984 0.197222 0.013281 0.050000
0 0.546875 0.153472 0.009375 0.040278
0 0.578516 0.268056 0.017969 0.069444
0 0.560547 0.281250 0.016406 0.070833
0 0.615234 0.320833 0.019531 0.091667
0 0.628906 0.469444 0.029687 0.116667
2 0.549609 0.456944 0.060156 0.177778
0 0.592187 0.370139 0.023438 0.095833
0 0.672266 0.609722 0.042969 0.152778
0 0.598828 0.555556 0.032031 0.136111
0 0.553516 0.645833 0.041406 0.161111
0 0.621094 0.871528 0.054688 0.226389
0 0.612891 0.708333 0.046094 0.136111
0 0.625000 0.616667 0.039062 0.105556
0 0.760938 0.797917 0.054688 0.204167
0 0.814063 0.718750 0.059375 0.184722
