0 0.469141 0.881944 0.067969 0.236111
0 0.403516 0.752778 0.057031 0.211111
0 0.297656 0.733333 0.053125 0.202778
0 0.309375 0.572917 0.042188 0.148611
0 0.343359 0.445139 0.032031 0.123611
0 0.400391 0.429167 0.030469 0.116667
0 0.456250 0.523611 0.035937 0.133333
0 0.482812 0.451389 0.029687 0.119444
0 0.396875 0.322917 0.020313 0.081944
0 0.546484 0.290278 0.030469 0.077778
0 0.458594 0.308333 0.020313 0.075000
0 0.477344 0.291667 0.020313 0.066667
0 0.773828 0.382639 0.046094 0.098611
0 0.750781 0.322222 0.042188 0.077778
1 0.828125 0.318750 0.081250 0.087500
1 0.739453 0.234722 0.053906 0.072222
1 0.817578 0.261806 0.063281 0.054167
1 0.541797 0.225000 0.038281 0.058333
