3 0.242578 0.112500 0.103906 0.205556
1 0.561328 0.278472 0.085156 0.154167
1 0.491797 0.038194 0.042969 0.073611
0 0.180078 0.695833 0.063281 0.250000
0 0.273438 0.603472 0.050000 0.240278
0 0.359375 0.430556 0.040625 0.177778
0 0.273828 0.354861 0.035156 0.154167
0 0.311719 0.303472 0.026562 0.134722
0 0.260547 0.270833 0.025781 0.119444
0 0.342578 0.325000 0.027344 0.144444
0 0.382031 0.268750 0.032813 0.123611
0 0.303516 0.201389 0.024219 0.102778
0 0.332031 0.225000 0.026562 0.105556
0 0.368359 0.209028 0.019531 0.090278
0 0.383984 0.163194 0.021094 0.081944
0 0.355469 0.131250 0.017188 0.087500
