0 0.430078 0.742361 0.047656 0.204167
0 0.363281 0.586806 0.037500 0.159722
0 0.382031 0.459722 0.040625 0.097222
0 0.417969 0.511806 0.031250 0.134722
0 0.498047 0.363194 0.022656 0.090278
0 0.478125 0.391667 0.023438 0.088889
0 0.465234 0.465972 0.025781 0.106944
0 0.508203 0.450694 0.025781 0.120833
0 0.444141 0.429167 0.022656 0.102778
3 0.383203 0.330556 0.110156 0.200000
0 0.596094 0.213194 0.017188 0.054167
1 0.634375 0.203472 0.035937 0.059722
0 0.483984 0.275000 0.014844 0.066667
0 0.516406 0.256250 0.017188 0.062500
