1 0.916406 0.402083 0.109375 0.095833
1 0.769531 0.727083 0.167187 0.323611
1 0.551953 0.412500 0.063281 0.130556
1 0.566797 0.309722 0.042969 0.075000
1 0.415625 0.311111 0.060937 0.075000
3 0.400000 0.243056 0.062500 0.127778
2 0.539062 0.227083 0.029687 0.070833
0 0.408203 0.488889 0.039844 0.127778
0 0.429297 0.398611 0.025781 0.097222
0 0.476953 0.386806 0.024219 0.093056
0 0.677344 0.350000 0.018750 0.077778
0 0.483984 0.292361 0.016406 0.068056
0 0.449219 0.329861 0.021875 0.076389
0 0.967187 0.509722 0.065625 0.111111
0 0.946484 0.744444 0.088281 0.180556
