3 0.894922 0.761806 0.210156 0.476389
3 0.450391 0.142361 0.042969 0.079167
1 0.432422 0.209722 0.033594 0.063889
1 0.465625 0.247917 0.039062 0.068056
0 0.558203 0.459722 0.035156 0.116667
0 0.567187 0.818750 0.051562 0.206944
0 0.688281 0.838889 0.048438 0.211111
0 0.593359 0.221528 0.011719 0.062500
0 0.630469 0.247222 0.015625 0.058333
0 0.573438 0.231944 0.012500 0.058333
0 0.590234 0.301389 0.021094 0.077778
0 0.608984 0.260417 0.021094 0.070833
0 0.547266 0.305556 0.024219 0.086111
0 0.560937 0.275000 0.014063 0.072222
