0 0.299609 0.734028 0.053906 0.240278
0 0.383203 0.829861 0.067969 0.290278
0 0.199609 0.777083 0.069531 0.279167
0 0.274219 0.502083 0.050000 0.173611
0 0.350391 0.556250 0.041406 0.184722
0 0.432812 0.506250 0.039062 0.165278
0 0.364063 0.396528 0.037500 0.134722
0 0.430078 0.383333 0.028906 0.108333
0 0.421484 0.272222 0.027344 0.091667
0 0.373047 0.247222 0.027344 0.097222
0 0.450391 0.211111 0.019531 0.083333
0 0.374219 0.173611 0.018750 0.063889
0 0.515234 0.146528 0.016406 0.062500
0 0.419922 0.127083 0.014844 0.056944
0 0.454688 0.143056 0.017188 0.061111
0 0.401172 0.193750 0.017969 0.073611
0 0.418750 0.202083 0.018750 0.068056
0 0.439063 0.194444 0.015625 0.072222
0 0.436328 0.152083 0.016406 0.054167
