0 0.325000 0.767361 0.056250 0.218056
0 0.269531 0.702778 0.056250 0.194444
0 0.681250 0.875000 0.103125 0.219444
0 0.752734 0.532639 0.069531 0.118056
0 0.662109 0.399306 0.047656 0.093056
0 0.691406 0.368750 0.023438 0.076389
0 0.420312 0.526389 0.032813 0.125000
0 0.375781 0.443056 0.026562 0.108333
0 0.423047 0.445139 0.025781 0.090278
0 0.454688 0.425694 0.025000 0.095833
0 0.485547 0.402083 0.032031 0.095833
0 0.450000 0.335417 0.023438 0.076389
0 0.480078 0.313889 0.017969 0.069444
0 0.985156 0.389583 0.029687 0.073611
0 0.962891 0.352083 0.027344 0.068056
0 0.894922 0.311806 0.021094 0.056944
1 0.870703 0.490972 0.085156 0.129167
1 0.308203 0.392361 0.102344 0.104167
3 0.411719 0.255556 0.062500 0.127778
