2 0.789062 0.726389 0.212500 0.413889
1 0.595703 0.745139 0.136719 0.248611
0 0.099219 0.770833 0.048438 0.175000
0 0.122656 0.588194 0.026562 0.109722
0 0.164453 0.555556 0.032031 0.111111
0 0.230859 0.527083 0.028906 0.098611
0 0.253125 0.439583 0.025000 0.081944
0 0.222656 0.423611 0.023438 0.072222
0 0.257422 0.365278 0.016406 0.055556
0 0.279687 0.360417 0.020313 0.056944
1 0.425391 0.368750 0.050781 0.104167
1 0.534375 0.365972 0.051562 0.101389
1 0.489063 0.412500 0.046875 0.094444
1 0.460547 0.311806 0.028906 0.054167
1 0.677344 0.409028 0.068750 0.095833
0 0.147266 0.513194 0.022656 0.093056
