0 0.409766 0.304167 0.017969 0.063889
0 0.475781 0.302083 0.018750 0.056944
0 0.304688 0.429861 0.029687 0.087500
0 0.441016 0.421528 0.025781 0.090278
0 0.406641 0.435417 0.028906 0.095833
0 0.353125 0.465972 0.029687 0.090278
0 0.346094 0.548611 0.034375 0.122222
0 0.410156 0.574306 0.037500 0.134722
0 0.286328 0.645139 0.046094 0.148611
0 0.283984 0.769444 0.052344 0.166667
1 0.450391 0.313889 0.041406 0.063889
2 0.801953 0.561806 0.164844 0.301389
2 0.573438 0.252778 0.043750 0.097222
2 0.613672 0.246528 0.039844 0.090278
