0 0.317188 0.711111 0.048438 0.202778
0 0.360547 0.582639 0.042969 0.170833
0 0.399609 0.382639 0.030469 0.095833
0 0.431250 0.389583 0.028125 0.095833
0 0.516016 0.314583 0.028906 0.084722
0 0.457031 0.274306 0.018750 0.068056
0 0.889453 0.275000 0.017969 0.066667
0 0.854688 0.245833 0.018750 0.061111
0 0.969531 0.361806 0.032813 0.090278
0 0.940625 0.320833 0.028125 0.075000
3 0.959375 0.249306 0.081250 0.134722
3 0.409766 0.213889 0.063281 0.122222
1 0.645703 0.326389 0.055469 0.088889
1 0.591406 0.208333 0.039062 0.083333
1 0.553906 0.232639 0.029687 0.068056
1 0.632031 0.622222 0.117188 0.247222
