3 0.275000 0.574306 0.275000 0.520833
0 0.440625 0.507639 0.040625 0.156944
0 0.490234 0.555556 0.041406 0.172222
0 0.469531 0.439583 0.031250 0.118056
0 0.491797 0.338889 0.027344 0.111111
0 0.483203 0.220139 0.019531 0.070833
1 0.542188 0.142361 0.034375 0.059722
1 0.586328 0.152083 0.038281 0.062500
1 0.539062 0.089583 0.028125 0.045833
1 0.582812 0.103472 0.025000 0.037500
0 0.854688 0.293750 0.056250 0.090278
0 0.863672 0.219444 0.025781 0.066667
0 0.902734 0.196528 0.021094 0.062500
0 0.428516 0.276389 0.022656 0.080556
0 0.433984 0.227083 0.016406 0.068056
0 0.472266 0.165972 0.016406 0.054167
