0 0.243359 0.731944 0.055469 0.225000
0 0.308203 0.776389 0.055469 0.236111
0 0.294531 0.616667 0.048438 0.177778
0 0.355859 0.422917 0.032031 0.137500
0 0.369141 0.512500 0.033594 0.155556
0 0.422266 0.352083 0.022656 0.106944
0 0.476172 0.324306 0.025781 0.104167
0 0.391797 0.331944 0.028906 0.100000
0 0.432422 0.171528 0.017969 0.056944
0 0.388281 0.195833 0.017188 0.055556
0 0.489844 0.165278 0.015625 0.050000
1 0.544531 0.138194 0.034375 0.059722
1 0.551172 0.099306 0.028906 0.034722
1 0.542969 0.047222 0.020313 0.044444
