1 0.414062 0.307639 0.051562 0.115278
1 0.708594 0.252083 0.054688 0.059722
1 0.555469 0.219444 0.039062 0.075000
0 0.309766 0.859722 0.066406 0.258333
0 0.271875 0.732639 0.042188 0.204167
0 0.255859 0.490278 0.038281 0.147222
0 0.341797 0.427778 0.033594 0.116667
0 0.621094 0.404861 0.057813 0.109722
0 0.757031 0.686111 0.050000 0.216667
0 0.690234 0.333333 0.055469 0.088889
0 0.489453 0.300000 0.025781 0.075000
1 0.821094 0.239583 0.056250 0.056944
0 0.357031 0.382639 0.026562 0.098611
0 0.369531 0.295833 0.018750 0.075000
0 0.307422 0.338194 0.022656 0.079167
