0 0.759375 0.779167 0.070312 0.236111
0 0.587500 0.779167 0.053125 0.241667
0 0.580469 0.536806 0.032813 0.159722
0 0.644141 0.541667 0.050781 0.163889
0 0.690625 0.471528 0.039062 0.143056
0 0.612109 0.338889 0.032031 0.113889
0 0.555078 0.306944 0.027344 0.105556
0 0.633203 0.254167 0.027344 0.097222
0 0.512500 0.308333 0.025000 0.105556
0 0.533203 0.202083 0.021094 0.081944
1 0.365234 0.190972 0.052344 0.076389
1 0.367969 0.128472 0.039062 0.054167
1 0.396094 0.099306 0.032813 0.045833
0 0.542578 0.155556 0.013281 0.063889
0 0.526563 0.118750 0.012500 0.054167
