3 0.750391 0.581944 0.214844 0.425000
3 0.401562 0.238194 0.064062 0.126389
1 0.571484 0.409722 0.066406 0.138889
1 0.609766 0.311806 0.058594 0.101389
1 0.750000 0.276389 0.051562 0.063889
1 0.582031 0.232639 0.035937 0.062500
1 0.539453 0.229861 0.030469 0.062500
0 0.966797 0.720833 0.066406 0.183333
0 0.952734 0.390278 0.033594 0.100000
0 0.469531 0.527083 0.034375 0.143056
0 0.392578 0.547917 0.041406 0.140278
0 0.424609 0.455556 0.036719 0.127778
0 0.334375 0.524306 0.035937 0.134722
0 0.237109 0.414583 0.050781 0.104167
0 0.453516 0.342361 0.022656 0.081944
0 0.439453 0.315972 0.016406 0.070833
0 0.680859 0.339583 0.019531 0.076389
