1 0.618750 0.244444 0.042188 0.069444
1 0.837109 0.313194 0.069531 0.073611
1 0.879297 0.273611 0.075781 0.063889
0 0.575000 0.310417 0.040625 0.079167
0 0.216797 0.676389 0.055469 0.191667
0 0.331250 0.579861 0.039062 0.145833
0 0.363281 0.704167 0.048438 0.208333
0 0.435156 0.730556 0.059375 0.233333
0 0.402344 0.372917 0.028125 0.093056
0 0.474219 0.362500 0.026562 0.091667
0 0.442969 0.318750 0.021875 0.079167
0 0.482812 0.295139 0.018750 0.068056
0 0.538672 0.270139 0.024219 0.068056
0 0.463672 0.261111 0.019531 0.066667
0 0.497656 0.255556 0.020313 0.063889
