0 0.292969 0.697222 0.042188 0.208333
0 0.282813 0.504861 0.037500 0.151389
0 0.401562 0.540972 0.039062 0.154167
0 0.415234 0.426389 0.027344 0.116667
0 0.371875 0.463194 0.025000 0.131944
0 0.325391 0.423611 0.030469 0.108333
0 0.279297 0.354167 0.024219 0.094444
0 0.328516 0.339583 0.032031 0.084722
0 0.371094 0.366667 0.023438 0.086111
0 0.370312 0.300694 0.018750 0.073611
0 0.358594 0.279167 0.018750 0.072222
0 0.459766 0.256944 0.019531 0.066667
0 0.403906 0.261111 0.017188 0.066667
0 0.371875 0.238194 0.018750 0.059722
0 0.441406 0.233333 0.012500 0.063889
3 0.516016 0.246528 0.063281 0.156944
0 0.729297 0.333333 0.058594 0.086111
1 0.843750 0.321528 0.082812 0.090278
1 0.721484 0.212500 0.046094 0.058333
0 0.894141 0.282639 0.022656 0.068056
0 0.793359 0.211806 0.017969 0.056944
