0 0.247266 0.597222 0.038281 0.208333
0 0.289453 0.728472 0.052344 0.248611
0 0.303906 0.900694 0.079687 0.198611
0 0.325000 0.377083 0.026562 0.129167
0 0.372656 0.471528 0.039062 0.156944
0 0.406250 0.393750 0.028125 0.131944
0 0.439844 0.338194 0.032813 0.129167
0 0.362891 0.317361 0.028906 0.118056
0 0.333594 0.231944 0.018750 0.097222
0 0.379688 0.256944 0.021875 0.100000
0 0.349219 0.191667 0.020313 0.072222
0 0.378516 0.186806 0.021094 0.073611
0 0.405469 0.250000 0.018750 0.105556
0 0.437109 0.244444 0.024219 0.091667
0 0.500781 0.090278 0.015625 0.055556
1 0.532031 0.104861 0.037500 0.070833
