0 0.640625 0.856944 0.056250 0.216667
0 0.736719 0.801389 0.045312 0.186111
0 0.820312 0.642361 0.045312 0.145833
0 0.665234 0.681250 0.035156 0.156944
0 0.577344 0.576389 0.034375 0.127778
0 0.735938 0.571528 0.031250 0.134722
0 0.650391 0.532639 0.024219 0.126389
0 0.693359 0.538889 0.024219 0.108333
0 0.669531 0.415278 0.023438 0.091667
0 0.620703 0.424306 0.021094 0.095833
0 0.641016 0.370833 0.019531 0.080556
0 0.574609 0.370833 0.013281 0.080556
0 0.591797 0.340972 0.013281 0.073611
0 0.611328 0.327083 0.019531 0.070833
1 0.482422 0.265972 0.035156 0.087500
