3 0.318359 0.211806 0.100781 0.193056
1 0.416016 0.175000 0.042969 0.072222
0 0.615234 0.477778 0.039844 0.147222
0 0.535547 0.268056 0.024219 0.088889
0 0.594141 0.140972 0.014844 0.059722
0 0.554297 0.142361 0.016406 0.054167
0 0.570312 0.175000 0.017188 0.069444
0 0.551953 0.198611 0.019531 0.077778
0 0.529687 0.163194 0.018750 0.065278
0 0.521875 0.206944 0.017188 0.072222
0 0.507031 0.176389 0.014063 0.072222
0 0.591016 0.209722 0.019531 0.072222
0 0.582812 0.248611 0.017188 0.080556
0 0.633594 0.225694 0.017188 0.076389
0 0.624219 0.284722 0.020313 0.083333
0 0.635938 0.378472 0.032813 0.118056
0 0.683203 0.316667 0.027344 0.108333
