0 0.830469 0.490972 0.042188 0.156944
0 0.260937 0.726389 0.053125 0.236111
0 0.250000 0.586111 0.045312 0.150000
0 0.313672 0.509722 0.032031 0.158333
0 0.213281 0.429167 0.034375 0.127778
0 0.377344 0.445833 0.028125 0.133333
0 0.331641 0.411111 0.039844 0.133333
0 0.370312 0.353472 0.032813 0.101389
0 0.455469 0.385417 0.031250 0.115278
0 0.377344 0.246528 0.021875 0.084722
0 0.411719 0.240278 0.018750 0.083333
1 0.452344 0.192361 0.042188 0.087500
1 0.619141 0.390278 0.080469 0.141667
1 0.598437 0.640278 0.134375 0.297222
3 0.895312 0.272222 0.182812 0.225000
0 0.591406 0.222917 0.040625 0.076389
