0 0.231250 0.865278 0.081250 0.269444
0 0.464453 0.760417 0.058594 0.231944
0 0.276953 0.581944 0.039844 0.158333
0 0.342578 0.584722 0.039844 0.163889
0 0.421875 0.558333 0.048438 0.163889
0 0.491016 0.484722 0.039844 0.133333
0 0.437109 0.439583 0.033594 0.115278
0 0.396094 0.413194 0.034375 0.118056
0 0.422656 0.331944 0.023438 0.080556
0 0.456250 0.332639 0.023438 0.087500
0 0.770703 0.335417 0.058594 0.087500
0 0.853125 0.245139 0.020313 0.059722
3 0.392578 0.199306 0.069531 0.126389
3 0.765625 0.214583 0.082812 0.126389
1 0.964453 0.346528 0.071094 0.106944
1 0.567578 0.179861 0.032031 0.051389
0 0.461719 0.225694 0.015625 0.059722
