0 0.569141 0.727083 0.050781 0.218056
0 0.346094 0.793750 0.057813 0.231944
0 0.249609 0.728472 0.063281 0.243056
0 0.244141 0.476389 0.038281 0.130556
0 0.294531 0.523611 0.042188 0.138889
0 0.340234 0.508333 0.030469 0.150000
0 0.427344 0.542361 0.031250 0.154167
0 0.330078 0.406944 0.028906 0.125000
0 0.360156 0.388889 0.025000 0.113889
0 0.380469 0.324306 0.023438 0.095833
0 0.426953 0.297222 0.021094 0.083333
0 0.266797 0.336806 0.025781 0.095833
0 0.407813 0.254167 0.020313 0.072222
0 0.425781 0.230556 0.017188 0.061111
0 0.370312 0.261111 0.015625 0.066667
0 0.383984 0.231944 0.014844 0.058333
