0 0.320703 0.502778 0.046094 0.144444
0 0.555078 0.395139 0.035156 0.129167
0 0.613672 0.495833 0.036719 0.152778
0 0.689063 0.597917 0.050000 0.184722
0 0.694531 0.463889 0.043750 0.136111
0 0.671094 0.326389 0.032813 0.108333
0 0.553906 0.275694 0.029687 0.095833
0 0.594531 0.245833 0.023438 0.091667
0 0.572266 0.223611 0.021094 0.086111
0 0.630469 0.236111 0.026562 0.083333
0 0.618750 0.165278 0.021875 0.063889
1 0.420703 0.292361 0.064844 0.098611
3 0.438281 0.072917 0.035937 0.095833
3 0.562109 0.089583 0.055469 0.112500
0 0.858984 0.890278 0.083594 0.219444
0 0.885938 0.566667 0.048438 0.166667
