0 0.424609 0.674306 0.036719 0.184722
0 0.148438 0.833333 0.059375 0.238889
0 0.299609 0.561111 0.039844 0.152778
0 0.344922 0.424306 0.025781 0.112500
0 0.400391 0.438194 0.030469 0.120833
0 0.446094 0.418056 0.025000 0.108333
0 0.475000 0.411111 0.018750 0.108333
0 0.430859 0.281944 0.016406 0.069444
0 0.401172 0.295139 0.022656 0.076389
0 0.439844 0.341667 0.020313 0.080556
0 0.467969 0.324306 0.025000 0.090278
0 0.456641 0.215278 0.014844 0.052778
0 0.410938 0.200000 0.014063 0.055556
0 0.473438 0.165278 0.009375 0.041667
1 0.558594 0.327778 0.057813 0.116667
1 0.609766 0.284722 0.047656 0.080556
1 0.674219 0.427778 0.085938 0.141667
1 0.524219 0.134722 0.020313 0.041667
3 0.739453 0.747222 0.296094 0.505556
