0 0.449609 0.590972 0.033594 0.156944
0 0.365625 0.611111 0.040625 0.155556
0 0.268359 0.575000 0.036719 0.155556
0 0.415234 0.385417 0.019531 0.095833
0 0.440234 0.409028 0.022656 0.112500
0 0.382031 0.420833 0.028125 0.088889
0 0.444922 0.265278 0.014844 0.061111
0 0.426953 0.285417 0.024219 0.065278
0 0.402734 0.298611 0.019531 0.069444
1 0.659375 0.389583 0.071875 0.118056
1 0.543750 0.234028 0.032813 0.054167
1 0.569141 0.307639 0.053906 0.101389
1 0.756641 0.595833 0.133594 0.233333
1 0.898047 0.427778 0.113281 0.125000
