0 0.196094 0.886111 0.084375 0.227778
0 0.298438 0.573611 0.048438 0.188889
0 0.386328 0.469444 0.041406 0.161111
0 0.425391 0.311806 0.028906 0.104167
0 0.482031 0.208333 0.017188 0.077778
0 0.498828 0.105556 0.011719 0.044444
0 0.494922 0.165278 0.014844 0.058333
0 0.447656 0.152778 0.014063 0.052778
0 0.425000 0.224306 0.020313 0.070833
0 0.455859 0.215972 0.019531 0.068056
0 0.389453 0.225000 0.019531 0.080556
0 0.382812 0.347222 0.028125 0.105556
0 0.328516 0.396528 0.036719 0.120833
1 0.710938 0.379167 0.096875 0.152778
1 0.771875 0.799306 0.271875 0.401389
1 0.560937 0.158333 0.043750 0.086111
