0 0.114453 0.531944 0.058594 0.119444
0 0.227344 0.469444 0.039062 0.094444
0 0.222266 0.398611 0.038281 0.088889
0 0.301953 0.365972 0.032031 0.093056
0 0.294141 0.321528 0.021094 0.056944
0 0.345703 0.311806 0.017969 0.059722
0 0.315234 0.299306 0.021094 0.051389
0 0.363281 0.289583 0.023438 0.056944
2 0.740234 0.341667 0.075781 0.122222
2 0.514062 0.402083 0.064062 0.176389
2 0.462109 0.302083 0.047656 0.129167
2 0.619531 0.243750 0.042188 0.081944
1 0.511328 0.292361 0.033594 0.056944
1 0.571094 0.380556 0.054688 0.105556
1 0.510156 0.236806 0.025000 0.043056
1 0.543750 0.251389 0.035937 0.072222
0 0.887109 0.388194 0.033594 0.090278
0 0.943359 0.375694 0.032031 0.087500
0 0.787500 0.310417 0.020313 0.062500
