0 0.233984 0.777778 0.060156 0.250000
0 0.366016 0.756944 0.057031 0.250000
0 0.263672 0.493056 0.044531 0.161111
0 0.349219 0.568750 0.037500 0.162500
0 0.489453 0.509722 0.039844 0.166667
0 0.385156 0.413889 0.032813 0.136111
0 0.344922 0.403472 0.035156 0.120833
0 0.431250 0.322222 0.025000 0.108333
0 0.496875 0.357639 0.029687 0.109722
0 0.378906 0.282639 0.021875 0.081944
0 0.407813 0.252778 0.026562 0.083333
3 0.376953 0.157639 0.071094 0.140278
3 0.819141 0.199306 0.121094 0.137500
1 0.697656 0.287500 0.114062 0.097222
1 0.914844 0.375694 0.117188 0.129167
0 0.460156 0.223611 0.018750 0.066667
