0 0.445312 0.724306 0.039062 0.212500
0 0.499609 0.590278 0.033594 0.175000
0 0.220312 0.566667 0.032813 0.152778
0 0.259375 0.657639 0.043750 0.195833
0 0.324219 0.638889 0.040625 0.183333
0 0.393750 0.634722 0.042188 0.188889
0 0.321094 0.451389 0.037500 0.125000
0 0.386719 0.502778 0.037500 0.130556
0 0.416797 0.455556 0.025781 0.130556
0 0.447656 0.372222 0.029687 0.105556
0 0.352344 0.370139 0.025000 0.093056
0 0.379688 0.375000 0.023438 0.102778
0 0.419531 0.352778 0.025000 0.086111
0 0.324219 0.302083 0.021875 0.076389
0 0.364844 0.284028 0.018750 0.073611
0 0.394922 0.295139 0.021094 0.081944
0 0.432812 0.296528 0.018750 0.073611
0 0.451172 0.254861 0.019531 0.070833
0 0.500391 0.193056 0.016406 0.052778
0 0.716016 0.291667 0.032031 0.080556
0 0.803906 0.199306 0.018750 0.054167
