0 0.708594 0.893056 0.062500 0.213889
0 0.673828 0.693750 0.046094 0.179167
0 0.793359 0.765972 0.050781 0.195833
0 0.605078 0.638194 0.047656 0.151389
0 0.652734 0.530556 0.042969 0.125000
0 0.726562 0.543056 0.034375 0.133333
0 0.623047 0.350694 0.021094 0.084722
0 0.656250 0.345833 0.020313 0.080556
0 0.708203 0.355556 0.021094 0.094444
0 0.605859 0.278472 0.014844 0.062500
0 0.639062 0.291667 0.018750 0.066667
0 0.619141 0.247917 0.013281 0.059722
0 0.602344 0.234722 0.014063 0.050000
1 0.482031 0.400000 0.068750 0.116667
1 0.452734 0.259722 0.038281 0.052778
1 0.474219 0.213194 0.031250 0.043056
