0 0.537109 0.888889 0.063281 0.222222
0 0.332422 0.638889 0.046094 0.172222
0 0.390625 0.381944 0.026562 0.097222
0 0.426172 0.414583 0.025781 0.104167
0 0.681641 0.334722 0.021094 0.077778
0 0.448047 0.363194 0.022656 0.081944
0 0.426953 0.298611 0.016406 0.075000
0 0.495703 0.270139 0.016406 0.059722
0 0.447656 0.261806 0.015625 0.062500
3 0.400000 0.231250 0.064062 0.123611
3 0.569141 0.186806 0.039844 0.084722
1 0.530078 0.212500 0.030469 0.061111
1 0.792188 0.329167 0.070312 0.075000
1 0.883984 0.331250 0.066406 0.079167
1 0.908203 0.433333 0.111719 0.125000
