0 0.258594 0.738889 0.046875 0.222222
0 0.212891 0.706250 0.049219 0.193056
0 0.369922 0.541667 0.025781 0.138889
0 0.339453 0.472222 0.035156 0.119444
0 0.412109 0.428472 0.024219 0.115278
0 0.426563 0.330556 0.026562 0.094444
0 0.426953 0.254167 0.019531 0.072222
1 0.637500 0.336806 0.079687 0.176389
1 0.864844 0.305556 0.079687 0.080556
1 0.775000 0.280556 0.067187 0.088889
3 0.782813 0.210417 0.087500 0.109722
1 0.553516 0.166667 0.032031 0.050000
0 0.485938 0.247222 0.021875 0.058333
0 0.458984 0.234722 0.019531 0.058333
