0 0.527344 0.429167 0.035937 0.138889
0 0.599219 0.465278 0.034375 0.144444
0 0.551953 0.322222 0.030469 0.102778
0 0.494141 0.234722 0.024219 0.088889
1 0.257031 0.388889 0.096875 0.136111
1 0.295703 0.227083 0.063281 0.093056
1 0.387891 0.241667 0.058594 0.097222
1 0.352344 0.138889 0.040625 0.061111
1 0.399219 0.156250 0.037500 0.068056
0 0.501172 0.175000 0.017969 0.063889
0 0.510156 0.142361 0.012500 0.054167
0 0.494141 0.103472 0.010156 0.048611
1 0.363672 0.090972 0.035156 0.062500
1 0.385937 0.066667 0.028125 0.061111
