2 0.408984 0.479167 0.107031 0.305556
2 0.784375 0.408333 0.137500 0.219444
2 0.510938 0.313194 0.056250 0.118056
2 0.549609 0.245139 0.052344 0.090278
0 0.252344 0.392361 0.034375 0.093056
0 0.178906 0.402778 0.032813 0.100000
0 0.234375 0.326389 0.031250 0.066667
0 0.282422 0.299306 0.032031 0.068056
0 0.338281 0.246528 0.025000 0.054167
0 0.940625 0.336111 0.029687 0.077778
0 0.916797 0.366667 0.035156 0.088889
2 0.627344 0.213889 0.042188 0.080556
1 0.596484 0.385417 0.077344 0.131944
1 0.721875 0.854167 0.178125 0.291667
1 0.459375 0.254167 0.034375 0.066667
1 0.496875 0.225694 0.035937 0.056944
