0 0.346094 0.720833 0.062500 0.230556
0 0.335547 0.488194 0.039844 0.159722
0 0.398828 0.525694 0.042969 0.148611
0 0.720703 0.643750 0.077344 0.170833
0 0.395313 0.319444 0.025000 0.086111
0 0.482812 0.287500 0.023438 0.075000
0 0.452734 0.263889 0.019531 0.069444
0 0.469922 0.245139 0.016406 0.065278
0 0.424219 0.267361 0.017188 0.068056
0 0.795703 0.238889 0.019531 0.058333
0 0.906250 0.283333 0.025000 0.069444
0 0.882031 0.229861 0.018750 0.059722
1 0.533594 0.198611 0.032813 0.055556
3 0.393359 0.197917 0.063281 0.129167
