1 0.560156 0.227778 0.046875 0.086111
1 0.592578 0.155556 0.036719 0.061111
0 0.342578 0.500000 0.039844 0.155556
0 0.382812 0.543750 0.039062 0.179167
0 0.448828 0.525694 0.044531 0.170833
0 0.260156 0.399306 0.031250 0.123611
0 0.324219 0.326389 0.023438 0.094444
0 0.355859 0.340972 0.024219 0.106944
0 0.411719 0.231944 0.020313 0.075000
0 0.423828 0.286806 0.019531 0.084722
0 0.466797 0.200694 0.013281 0.059722
0 0.479297 0.185417 0.014844 0.062500
0 0.441797 0.195139 0.016406 0.062500
0 0.425000 0.163194 0.017188 0.059722
0 0.388672 0.204861 0.019531 0.070833
