3 0.552734 0.475000 0.042969 0.136111
0 0.176563 0.679861 0.056250 0.209722
0 0.294531 0.605556 0.040625 0.169444
0 0.273047 0.450000 0.025781 0.119444
0 0.311328 0.481944 0.032031 0.130556
0 0.326562 0.373611 0.029687 0.091667
1 0.490625 0.175000 0.035937 0.075000
1 0.416016 0.173611 0.028906 0.058333
1 0.421094 0.123611 0.023438 0.041667
1 0.695703 0.232639 0.041406 0.062500
3 0.571875 0.234028 0.070312 0.143056
1 0.803125 0.308333 0.106250 0.141667
1 0.897266 0.332639 0.086719 0.095833
0 0.969531 0.280556 0.026562 0.075000
