0 0.758594 0.809722 0.045312 0.197222
0 0.601953 0.747917 0.038281 0.187500
0 0.732422 0.667361 0.036719 0.151389
0 0.591797 0.559028 0.027344 0.131944
0 0.635547 0.563194 0.032031 0.129167
0 0.674219 0.521528 0.032813 0.118056
0 0.567187 0.496528 0.026562 0.115278
0 0.656641 0.388889 0.025781 0.091667
0 0.611328 0.358333 0.022656 0.086111
0 0.557031 0.365972 0.020313 0.081944
0 0.581250 0.438194 0.021875 0.095833
1 0.553906 0.316667 0.037500 0.069444
1 0.420703 0.262500 0.044531 0.063889
1 0.431641 0.423611 0.080469 0.166667
0 0.601172 0.271528 0.013281 0.051389
0 0.582422 0.289583 0.016406 0.062500
0 0.553516 0.256250 0.013281 0.051389
0 0.571875 0.237500 0.014063 0.047222
