0 0.321094 0.655556 0.045312 0.177778
0 0.328906 0.486806 0.040625 0.129167
0 0.373047 0.560417 0.035156 0.156944
0 0.430078 0.622222 0.038281 0.166667
0 0.463672 0.517361 0.033594 0.143056
0 0.442188 0.468750 0.029687 0.120833
0 0.411719 0.361806 0.023438 0.098611
0 0.436328 0.385417 0.027344 0.104167
0 0.458203 0.345139 0.021094 0.095833
0 0.502344 0.277778 0.020313 0.066667
0 0.465625 0.279861 0.015625 0.070833
0 0.671484 0.309722 0.046094 0.080556
0 0.844141 0.295833 0.021094 0.075000
0 0.892188 0.257639 0.021875 0.068056
1 0.891406 0.389583 0.103125 0.106944
1 0.571094 0.195833 0.034375 0.047222
1 0.525781 0.177778 0.032813 0.050000
3 0.395703 0.208333 0.061719 0.122222
3 0.469922 0.136806 0.032031 0.073611
