1 0.652344 0.695833 0.126562 0.311111
1 0.620703 0.413889 0.088281 0.211111
1 0.731250 0.382639 0.101562 0.181944
1 0.644141 0.205556 0.060156 0.105556
1 0.587109 0.260417 0.061719 0.120833
1 0.568359 0.161806 0.044531 0.084722
0 0.272656 0.656250 0.054688 0.248611
0 0.240234 0.457639 0.036719 0.154167
0 0.386328 0.545139 0.050781 0.190278
0 0.312891 0.473611 0.030469 0.163889
0 0.343359 0.350000 0.024219 0.122222
0 0.455469 0.395833 0.029687 0.133333
0 0.437891 0.228472 0.017969 0.079167
0 0.408594 0.195139 0.018750 0.081944
