0 0.255469 0.863889 0.068750 0.261111
0 0.258203 0.612500 0.042969 0.172222
0 0.351172 0.588194 0.047656 0.170833
0 0.353516 0.311111 0.025781 0.091667
0 0.389062 0.231250 0.020313 0.073611
0 0.419531 0.203472 0.017188 0.056944
0 0.377734 0.200000 0.016406 0.061111
0 0.452344 0.200000 0.015625 0.058333
0 0.750000 0.606250 0.060937 0.156944
0 0.867578 0.710417 0.072656 0.195833
0 0.938672 0.273611 0.033594 0.072222
1 0.897266 0.370139 0.113281 0.129167
1 0.556641 0.209722 0.053906 0.072222
1 0.501172 0.145833 0.041406 0.072222
0 0.682422 0.270833 0.053906 0.072222
