3 0.567969 0.465278 0.132812 0.372222
0 0.195703 0.690278 0.047656 0.205556
0 0.367188 0.624306 0.046875 0.201389
0 0.308984 0.427778 0.027344 0.116667
0 0.355859 0.447222 0.024219 0.122222
0 0.398047 0.401389 0.033594 0.116667
0 0.332422 0.332639 0.021094 0.087500
0 0.295703 0.306250 0.021094 0.090278
0 0.367188 0.351389 0.020313 0.088889
0 0.355859 0.306944 0.019531 0.086111
0 0.387891 0.314583 0.017969 0.087500
0 0.421875 0.305556 0.023438 0.083333
0 0.446875 0.216667 0.012500 0.063889
0 0.419141 0.221528 0.016406 0.059722
0 0.598047 0.279167 0.042969 0.066667
0 0.738281 0.327778 0.060937 0.083333
1 0.739453 0.252083 0.067969 0.087500
1 0.491016 0.160417 0.032031 0.048611
1 0.905469 0.322222 0.114062 0.100000
1 0.696875 0.191667 0.040625 0.052778
