0 0.761719 0.829167 0.053125 0.200000
0 0.617969 0.855556 0.050000 0.211111
0 0.608203 0.683333 0.042969 0.155556
0 0.712891 0.606250 0.035156 0.148611
1 0.602344 0.532639 0.062500 0.137500
1 0.353906 0.483333 0.090625 0.136111
1 0.469531 0.265972 0.032813 0.054167
1 0.469531 0.207639 0.032813 0.068056
0 0.409375 0.304167 0.017188 0.063889
0 0.688281 0.415972 0.023438 0.090278
0 0.601953 0.413194 0.022656 0.087500
0 0.634766 0.344444 0.021094 0.075000
0 0.589453 0.361806 0.017969 0.073611
0 0.574219 0.292361 0.015625 0.059722
0 0.558594 0.305556 0.012500 0.047222
