2 0.398047 0.661806 0.149219 0.401389
2 0.505469 0.258333 0.037500 0.088889
0 0.160156 0.548611 0.045312 0.125000
0 0.182812 0.481250 0.037500 0.104167
0 0.159766 0.450000 0.032031 0.088889
0 0.248438 0.360417 0.026562 0.073611
0 0.339453 0.321528 0.022656 0.062500
0 0.267188 0.333333 0.025000 0.066667
0 0.815234 0.343056 0.024219 0.072222
0 0.955859 0.435417 0.038281 0.081944
1 0.529687 0.518056 0.078125 0.152778
1 0.508984 0.334028 0.046094 0.093056
1 0.580078 0.354167 0.066406 0.133333
1 0.550000 0.270139 0.034375 0.062500
2 0.621875 0.230556 0.037500 0.061111
