0 0.310547 0.575000 0.039844 0.172222
0 0.352344 0.744444 0.056250 0.238889
0 0.385937 0.538889 0.045312 0.158333
0 0.437891 0.490278 0.042969 0.141667
0 0.471484 0.434722 0.033594 0.127778
0 0.440234 0.350000 0.033594 0.111111
0 0.395313 0.304167 0.029687 0.086111
0 0.469922 0.291667 0.022656 0.083333
0 0.436328 0.265278 0.017969 0.077778
0 0.410547 0.253472 0.021094 0.073611
0 0.457813 0.234722 0.020313 0.066667
0 0.437109 0.211111 0.017969 0.063889
3 0.395703 0.182639 0.061719 0.126389
1 0.866797 0.346528 0.108594 0.120833
