0 0.404297 0.715972 0.058594 0.234722
0 0.329688 0.891667 0.062500 0.216667
0 0.339062 0.502778 0.039062 0.147222
0 0.302344 0.401389 0.028125 0.119444
0 0.446094 0.417361 0.029687 0.109722
0 0.390625 0.390972 0.028125 0.112500
0 0.432031 0.318056 0.026562 0.086111
0 0.378906 0.281944 0.021875 0.083333
0 0.414062 0.304861 0.018750 0.087500
0 0.362109 0.250000 0.016406 0.066667
1 0.515234 0.284028 0.049219 0.090278
1 0.885938 0.286111 0.098437 0.083333
0 0.843359 0.320833 0.035156 0.075000
0 0.723437 0.310417 0.039062 0.079167
0 0.946094 0.334028 0.035937 0.090278
1 0.887500 0.705556 0.184375 0.261111
