0 0.341016 0.518056 0.047656 0.155556
0 0.381641 0.615972 0.047656 0.187500
0 0.328516 0.676389 0.047656 0.194444
0 0.258594 0.653472 0.042188 0.179167
0 0.270313 0.519444 0.048438 0.138889
0 0.364453 0.425694 0.033594 0.120833
0 0.392578 0.336806 0.025781 0.095833
0 0.417187 0.265972 0.025000 0.073611
0 0.423047 0.202083 0.017969 0.056944
0 0.854688 0.406250 0.064062 0.118056
0 0.784766 0.290278 0.053906 0.077778
0 0.963281 0.269444 0.026562 0.077778
1 0.571875 0.299306 0.053125 0.090278
1 0.574219 0.222917 0.045312 0.070833
