0 0.264062 0.597917 0.037500 0.134722
0 0.288672 0.671528 0.041406 0.129167
0 0.361328 0.516667 0.036719 0.113889
0 0.294141 0.432639 0.027344 0.090278
0 0.418750 0.423611 0.025000 0.088889
0 0.375391 0.364583 0.021094 0.073611
0 0.403906 0.369444 0.020313 0.069444
0 0.444531 0.328472 0.021875 0.065278
0 0.419141 0.318750 0.017969 0.059722
0 0.398438 0.331250 0.015625 0.062500
1 0.765625 0.488194 0.103125 0.159722
2 0.606250 0.268750 0.051562 0.098611
2 0.664844 0.263194 0.048438 0.095833
2 0.560156 0.195139 0.028125 0.062500
1 0.456250 0.242361 0.023438 0.045833
