0 0.244922 0.740972 0.042969 0.212500
0 0.305078 0.561111 0.036719 0.152778
0 0.491797 0.313889 0.019531 0.080556
0 0.451562 0.440972 0.028125 0.123611
0 0.396094 0.293056 0.017188 0.063889
0 0.485547 0.188889 0.013281 0.047222
1 0.587500 0.218750 0.035937 0.073611
1 0.669922 0.304861 0.057031 0.101389
1 0.624219 0.372222 0.060937 0.125000
1 0.679688 0.651389 0.129688 0.280556
1 0.788672 0.536111 0.113281 0.166667
1 0.571875 0.163194 0.023438 0.043056
1 0.601953 0.156944 0.027344 0.061111
0 0.462109 0.238889 0.016406 0.058333
