0 0.396875 0.816667 0.056250 0.272222
0 0.139844 0.690972 0.068750 0.262500
0 0.192578 0.529167 0.041406 0.188889
0 0.264453 0.872222 0.092969 0.255556
0 0.310156 0.500000 0.039062 0.186111
0 0.385547 0.530556 0.047656 0.188889
0 0.338672 0.383333 0.036719 0.147222
0 0.399609 0.380556 0.030469 0.147222
1 0.636328 0.300694 0.105469 0.193056
1 0.509375 0.143056 0.051562 0.094444
3 0.283984 0.147222 0.099219 0.202778
0 0.324219 0.240972 0.021875 0.104167
0 0.345313 0.267361 0.018750 0.093056
0 0.367188 0.306944 0.026562 0.119444
0 0.415625 0.304861 0.029687 0.118056
0 0.411328 0.229167 0.021094 0.088889
0 0.380078 0.229167 0.021094 0.097222
0 0.399609 0.196528 0.017969 0.087500
0 0.363672 0.186111 0.017969 0.088889
0 0.349609 0.160417 0.017969 0.079167
0 0.419922 0.109028 0.016406 0.070833
0 0.384375 0.134722 0.021875 0.075000
0 0.368750 0.116667 0.014063 0.063889
