3 0.292969 0.656250 0.229687 0.584722
3 0.383984 0.181250 0.064844 0.129167
3 0.841797 0.225694 0.130469 0.145833
0 0.462109 0.394444 0.035156 0.116667
0 0.486328 0.290278 0.024219 0.075000
0 0.643359 0.286806 0.046094 0.076389
0 0.399219 0.279167 0.020313 0.077778
0 0.428125 0.298611 0.020313 0.080556
0 0.344141 0.333333 0.024219 0.077778
0 0.369141 0.341667 0.024219 0.072222
0 0.407031 0.405556 0.026562 0.113889
1 0.568750 0.181250 0.035937 0.056944
1 0.519531 0.161806 0.035937 0.062500
0 0.967969 0.300000 0.029687 0.077778
