2 0.353906 0.622917 0.173437 0.409722
1 0.923438 0.507639 0.146875 0.168056
1 0.715625 0.302083 0.056250 0.076389
1 0.671094 0.313194 0.054688 0.070833
2 0.627344 0.206944 0.032813 0.058333
2 0.589453 0.202083 0.027344 0.054167
0 0.760938 0.277083 0.018750 0.051389
0 0.732812 0.233333 0.020313 0.044444
0 0.051953 0.474306 0.041406 0.104167
0 0.108594 0.529167 0.032813 0.122222
0 0.095703 0.460417 0.035156 0.101389
0 0.186328 0.492361 0.033594 0.106944
0 0.175391 0.415972 0.030469 0.093056
0 0.212109 0.411111 0.033594 0.086111
0 0.294141 0.354167 0.022656 0.077778
0 0.250391 0.368056 0.022656 0.075000
0 0.223047 0.347917 0.025781 0.073611
0 0.247656 0.310417 0.015625 0.062500
0 0.312109 0.318750 0.016406 0.056944
