1 0.727344 0.404861 0.123438 0.259722
1 0.594922 0.177778 0.039844 0.072222
1 0.539062 0.102083 0.025000 0.043056
1 0.578125 0.112500 0.028125 0.044444
0 0.142187 0.611806 0.042188 0.184722
0 0.192188 0.518056 0.035937 0.152778
0 0.247656 0.461111 0.040625 0.136111
0 0.331641 0.447222 0.030469 0.130556
0 0.254688 0.643056 0.042188 0.205556
0 0.311719 0.677083 0.054688 0.215278
0 0.358203 0.557639 0.039844 0.168056
0 0.429688 0.630556 0.045312 0.183333
0 0.473828 0.221528 0.022656 0.070833
0 0.454688 0.190972 0.017188 0.062500
0 0.456641 0.136806 0.013281 0.051389
0 0.439453 0.133333 0.013281 0.050000
