0 0.353906 0.618056 0.043750 0.180556
0 0.235156 0.580556 0.051562 0.155556
0 0.318750 0.562500 0.043750 0.152778
0 0.815234 0.273611 0.027344 0.072222
0 0.897656 0.265972 0.026562 0.073611
0 0.437891 0.334028 0.030469 0.093056
0 0.391406 0.350694 0.029687 0.098611
0 0.376953 0.320139 0.022656 0.087500
0 0.473438 0.228472 0.017188 0.068056
0 0.959375 0.313889 0.025000 0.077778
0 0.940625 0.288889 0.021875 0.072222
0 0.926562 0.269444 0.023438 0.063889
1 0.650000 0.356250 0.075000 0.131944
3 0.393750 0.193750 0.064062 0.123611
