0 0.520703 0.895833 0.074219 0.200000
0 0.580469 0.817361 0.056250 0.184722
0 0.683594 0.587500 0.043750 0.119444
0 0.532422 0.605556 0.044531 0.130556
0 0.483984 0.578472 0.035156 0.129167
0 0.571484 0.407639 0.024219 0.076389
0 0.489063 0.427083 0.026562 0.076389
0 0.497656 0.352778 0.020313 0.066667
0 0.477344 0.332639 0.015625 0.056944
2 0.117969 0.305556 0.062500 0.102778
2 0.278125 0.269444 0.051562 0.100000
1 0.166016 0.336806 0.072656 0.087500
1 0.411719 0.290278 0.037500 0.052778
1 0.341016 0.349306 0.053906 0.079167
