2 0.586328 0.399306 0.083594 0.181944
1 0.663672 0.355556 0.072656 0.133333
1 0.560937 0.270833 0.039062 0.066667
1 0.590234 0.231944 0.036719 0.069444
1 0.621875 0.279861 0.045312 0.068056
1 0.807813 0.305556 0.073438 0.086111
1 0.816406 0.261806 0.064062 0.065278
0 0.883984 0.261111 0.021094 0.061111
0 0.843359 0.477778 0.038281 0.111111
0 0.746875 0.322222 0.048438 0.072222
0 0.396875 0.495833 0.035937 0.136111
0 0.436719 0.296528 0.023438 0.073611
0 0.460938 0.272917 0.023438 0.070833
0 0.486719 0.261111 0.021875 0.066667
3 0.411328 0.220139 0.064844 0.126389
