0 0.291406 0.357639 0.025000 0.068056
0 0.233984 0.470833 0.035156 0.102778
0 0.162500 0.549306 0.045312 0.115278
0 0.167578 0.429861 0.030469 0.087500
0 0.141406 0.489583 0.035937 0.104167
0 0.264844 0.347917 0.023438 0.076389
0 0.347266 0.300694 0.032031 0.065278
0 0.921484 0.404861 0.042969 0.079167
0 0.872266 0.372917 0.032031 0.076389
0 0.842969 0.316667 0.025000 0.063889
0 0.805469 0.323611 0.026562 0.058333
0 0.765625 0.297917 0.023438 0.056944
1 0.533594 0.770139 0.128125 0.290278
1 0.668359 0.724306 0.124219 0.231944
1 0.524219 0.465278 0.067187 0.130556
1 0.558984 0.310417 0.036719 0.073611
1 0.669531 0.325000 0.051562 0.083333
1 0.618359 0.252083 0.038281 0.065278
1 0.550000 0.252778 0.029687 0.050000
2 0.480469 0.217361 0.031250 0.070833
1 0.514844 0.238889 0.026562 0.063889
