0 0.257422 0.784722 0.066406 0.191667
0 0.412109 0.571528 0.035156 0.129167
0 0.316406 0.550694 0.034375 0.123611
0 0.296484 0.431944 0.032031 0.094444
0 0.372266 0.461111 0.038281 0.102778
0 0.435547 0.433333 0.027344 0.097222
0 0.380078 0.386111 0.027344 0.069444
0 0.437109 0.356250 0.024219 0.068056
0 0.410547 0.352083 0.021094 0.065278
0 0.388672 0.329167 0.016406 0.061111
0 0.422266 0.308333 0.021094 0.052778
0 0.454688 0.275694 0.014063 0.048611
1 0.607812 0.266667 0.042188 0.058333
2 0.560156 0.200694 0.028125 0.059722
2 0.590234 0.193750 0.027344 0.056944
2 0.684766 0.359722 0.086719 0.169444
