0 0.236328 0.762500 0.060156 0.227778
0 0.359375 0.738889 0.054688 0.236111
0 0.379297 0.886111 0.066406 0.227778
0 0.396484 0.431250 0.030469 0.120833
0 0.454688 0.412500 0.025000 0.113889
0 0.239453 0.497222 0.041406 0.130556
0 0.169922 0.570833 0.033594 0.158333
0 0.201953 0.509722 0.035156 0.125000
0 0.329688 0.340278 0.023438 0.091667
0 0.412109 0.272222 0.019531 0.077778
0 0.444141 0.236806 0.017969 0.059722
1 0.558984 0.295833 0.058594 0.102778
1 0.586719 0.215278 0.040625 0.063889
1 0.561719 0.165278 0.028125 0.044444
0 0.471094 0.216667 0.018750 0.055556
