1 0.660937 0.820139 0.200000 0.359722
1 0.666797 0.448611 0.102344 0.158333
1 0.537109 0.352778 0.071094 0.138889
1 0.503516 0.149306 0.028906 0.048611
3 0.370312 0.180556 0.059375 0.130556
3 0.424219 0.189583 0.051562 0.129167
3 0.790234 0.197222 0.099219 0.133333
3 0.937109 0.203472 0.111719 0.129167
0 0.792969 0.377778 0.064062 0.094444
0 0.752734 0.263889 0.024219 0.072222
0 0.865625 0.246528 0.021875 0.068056
0 0.892578 0.246528 0.027344 0.068056
0 0.958594 0.261806 0.050000 0.070833
0 0.282813 0.607639 0.051562 0.179167
0 0.394141 0.520833 0.042969 0.150000
0 0.468359 0.227778 0.021094 0.066667
