1 0.559375 0.411111 0.079687 0.175000
1 0.614844 0.277083 0.056250 0.093056
1 0.650781 0.378472 0.096875 0.168056
1 0.495703 0.087500 0.025781 0.050000
1 0.523047 0.079167 0.022656 0.038889
0 0.277344 0.804861 0.071875 0.268056
0 0.204297 0.351389 0.044531 0.125000
0 0.373828 0.598611 0.044531 0.200000
0 0.410938 0.463194 0.037500 0.148611
0 0.346875 0.281944 0.018750 0.094444
0 0.366016 0.326389 0.025781 0.105556
0 0.394141 0.245139 0.024219 0.090278
0 0.419531 0.179167 0.015625 0.063889
0 0.385937 0.155556 0.015625 0.063889
0 0.434766 0.133333 0.016406 0.052778
