1 0.706641 0.463889 0.089844 0.147222
3 0.925391 0.225694 0.094531 0.098611
0 0.951172 0.311111 0.028906 0.066667
0 0.808203 0.239583 0.016406 0.056944
0 0.335156 0.836111 0.065625 0.263889
0 0.373047 0.650000 0.042969 0.183333
0 0.450391 0.686111 0.050781 0.194444
0 0.492188 0.561111 0.035937 0.150000
0 0.436328 0.523611 0.039844 0.141667
0 0.401562 0.475694 0.031250 0.129167
0 0.378516 0.377778 0.022656 0.091667
0 0.407031 0.393056 0.025000 0.083333
0 0.500391 0.436111 0.030469 0.113889
0 0.463281 0.366667 0.021875 0.091667
0 0.493750 0.358333 0.025000 0.091667
0 0.453125 0.329861 0.018750 0.081944
0 0.492969 0.286111 0.015625 0.069444
0 0.526953 0.272917 0.014844 0.065278
1 0.599609 0.191667 0.027344 0.055556
