0 0.476953 0.620139 0.055469 0.190278
0 0.393359 0.595833 0.046094 0.180556
0 0.376172 0.397917 0.033594 0.115278
0 0.410547 0.287500 0.025781 0.080556
0 0.641797 0.343056 0.039844 0.083333
0 0.715625 0.304861 0.051562 0.079167
0 0.771484 0.220139 0.024219 0.051389
0 0.916406 0.295833 0.028125 0.077778
0 0.875000 0.273611 0.021875 0.072222
0 0.832422 0.227083 0.021094 0.056944
1 0.926562 0.425000 0.140625 0.141667
1 0.775781 0.272917 0.064062 0.070833
1 0.711328 0.223611 0.046094 0.055556
1 0.592578 0.270139 0.047656 0.073611
1 0.531641 0.281944 0.047656 0.094444
1 0.528906 0.202778 0.032813 0.061111
3 0.385156 0.204167 0.060937 0.127778
3 0.454688 0.163194 0.034375 0.095833
0 0.437891 0.238889 0.016406 0.063889
