1 0.825391 0.739583 0.178906 0.301389
1 0.670703 0.837500 0.182031 0.325000
1 0.532813 0.167361 0.031250 0.056944
0 0.291016 0.559028 0.041406 0.162500
0 0.387109 0.575694 0.042969 0.165278
0 0.305469 0.763889 0.053125 0.236111
0 0.373828 0.855556 0.053906 0.258333
0 0.424219 0.759722 0.051562 0.225000
0 0.452734 0.495833 0.036719 0.147222
0 0.420312 0.452778 0.025000 0.122222
0 0.308984 0.447222 0.032031 0.119444
0 0.361328 0.431250 0.030469 0.115278
0 0.376172 0.316667 0.022656 0.083333
0 0.167578 0.536806 0.038281 0.159722
0 0.197266 0.482639 0.027344 0.126389
0 0.423828 0.279861 0.021094 0.070833
0 0.386328 0.234028 0.017969 0.062500
0 0.448047 0.265972 0.017969 0.076389
0 0.469922 0.243750 0.017969 0.070833
