1 0.862891 0.618056 0.188281 0.330556
1 0.735547 0.336806 0.080469 0.140278
1 0.605859 0.300694 0.060156 0.118056
1 0.667578 0.197222 0.053906 0.102778
1 0.605078 0.211806 0.050781 0.095833
1 0.625391 0.118056 0.036719 0.063889
1 0.585547 0.150000 0.038281 0.069444
1 0.578906 0.100000 0.032813 0.055556
0 0.357812 0.683333 0.048438 0.211111
0 0.339844 0.565278 0.034375 0.158333
0 0.426563 0.464583 0.026562 0.137500
0 0.463672 0.490278 0.038281 0.138889
0 0.438281 0.602778 0.034375 0.208333
0 0.497656 0.339583 0.025000 0.120833
0 0.422266 0.367361 0.030469 0.118056
0 0.366406 0.373611 0.028125 0.130556
0 0.339844 0.336111 0.028125 0.125000
0 0.433984 0.241667 0.022656 0.088889
0 0.470703 0.255556 0.028906 0.097222
0 0.267578 0.698611 0.064844 0.233333
0 0.143359 0.762500 0.069531 0.233333
