3 0.256250 0.454861 0.185938 0.376389
3 0.586719 0.152778 0.060937 0.111111
1 0.399219 0.556944 0.107813 0.191667
1 0.461719 0.196528 0.042188 0.073611
1 0.457031 0.122917 0.029687 0.045833
0 0.483594 0.285417 0.021875 0.095833
0 0.640234 0.255556 0.017969 0.083333
0 0.568750 0.304861 0.020313 0.087500
0 0.603906 0.300694 0.020313 0.093056
0 0.587109 0.267361 0.016406 0.073611
0 0.588672 0.359028 0.016406 0.098611
0 0.564063 0.398611 0.025000 0.108333
0 0.616406 0.390972 0.028125 0.123611
0 0.544922 0.463194 0.022656 0.131944
0 0.586719 0.484028 0.031250 0.137500
0 0.614844 0.245139 0.017188 0.076389
0 0.601953 0.220139 0.013281 0.068056
0 0.552344 0.206944 0.014063 0.066667
0 0.732422 0.551389 0.035156 0.158333
0 0.762109 0.670833 0.041406 0.158333
0 0.643359 0.892361 0.063281 0.215278
0 0.757422 0.845139 0.063281 0.231944
0 0.896094 0.806250 0.075000 0.209722
