0 0.107031 0.869444 0.095312 0.261111
0 0.396875 0.865278 0.060937 0.269444
0 0.278125 0.689583 0.060937 0.240278
0 0.428906 0.640972 0.046875 0.198611
0 0.367969 0.587500 0.048438 0.200000
0 0.315234 0.387500 0.036719 0.144444
0 0.410156 0.373611 0.037500 0.133333
0 0.457422 0.290278 0.028906 0.102778
0 0.444922 0.168750 0.019531 0.076389
0 0.487891 0.115972 0.017969 0.062500
0 0.465234 0.136111 0.019531 0.069444
0 0.449609 0.087500 0.014844 0.061111
1 0.572656 0.146528 0.042188 0.070833
1 0.618359 0.324306 0.075781 0.140278
1 0.579297 0.081944 0.035156 0.058333
1 0.679688 0.229167 0.070312 0.141667
1 0.899609 0.762500 0.200781 0.475000
