0 0.146094 0.672917 0.057813 0.215278
0 0.219141 0.868750 0.074219 0.262500
0 0.299609 0.799306 0.061719 0.251389
0 0.368750 0.803472 0.065625 0.259722
0 0.333594 0.429167 0.039062 0.119444
0 0.321094 0.534722 0.035937 0.163889
0 0.272656 0.402083 0.035937 0.123611
0 0.396875 0.547222 0.043750 0.166667
0 0.404297 0.386806 0.025781 0.120833
0 0.446484 0.352083 0.030469 0.115278
0 0.363672 0.268056 0.021094 0.083333
0 0.397656 0.321528 0.021875 0.081944
1 0.637500 0.329861 0.070312 0.120833
1 0.533594 0.273611 0.056250 0.111111
1 0.576562 0.184722 0.043750 0.077778
1 0.524219 0.190278 0.035937 0.066667
1 0.519922 0.135417 0.032031 0.054167
1 0.592578 0.481250 0.110156 0.301389
