0 0.217188 0.846528 0.082812 0.306944
0 0.850000 0.667361 0.098437 0.195833
0 0.342187 0.339583 0.031250 0.143056
0 0.317969 0.281944 0.029687 0.119444
0 0.369922 0.232639 0.022656 0.095833
0 0.350781 0.190278 0.021875 0.094444
0 0.425000 0.200694 0.023438 0.090278
0 0.463281 0.175000 0.023438 0.097222
0 0.389453 0.133333 0.024219 0.080556
0 0.421875 0.139583 0.023438 0.076389
1 0.547656 0.048611 0.039062 0.058333
0 0.660547 0.177083 0.050781 0.081944
1 0.886328 0.240278 0.088281 0.105556
1 0.864453 0.152083 0.082031 0.087500
