0 0.614062 0.736806 0.045312 0.198611
0 0.619922 0.522917 0.033594 0.137500
1 0.378516 0.260417 0.049219 0.087500
1 0.457422 0.172222 0.033594 0.061111
0 0.578906 0.323611 0.026562 0.094444
0 0.616797 0.387500 0.025781 0.111111
0 0.658984 0.402083 0.025781 0.106944
0 0.647656 0.318056 0.028125 0.088889
0 0.559766 0.254861 0.017969 0.081944
0 0.578906 0.237500 0.018750 0.075000
0 0.604297 0.237500 0.017969 0.072222
0 0.652344 0.231944 0.026562 0.077778
0 0.559375 0.177083 0.015625 0.056944
0 0.578906 0.161111 0.014063 0.055556
