1 0.278516 0.368750 0.082031 0.129167
0 0.197656 0.411806 0.034375 0.087500
0 0.333594 0.305556 0.023438 0.055556
0 0.362500 0.300000 0.018750 0.055556
0 0.969922 0.449306 0.041406 0.106944
0 0.914062 0.391667 0.040625 0.083333
0 0.866797 0.378472 0.036719 0.087500
1 0.582031 0.387500 0.068750 0.122222
1 0.470703 0.327778 0.047656 0.097222
2 0.775000 0.414583 0.117188 0.195833
2 0.507812 0.263194 0.040625 0.087500
2 0.475391 0.223611 0.030469 0.072222
1 0.542188 0.255556 0.031250 0.055556
1 0.638672 0.241667 0.041406 0.052778
