0 0.230078 0.800000 0.060156 0.266667
0 0.373828 0.658333 0.044531 0.211111
0 0.378516 0.470139 0.038281 0.154167
0 0.258594 0.354861 0.029687 0.120833
0 0.340625 0.425000 0.031250 0.136111
0 0.389453 0.350694 0.025781 0.118056
0 0.432812 0.272917 0.028125 0.106944
0 0.373437 0.297917 0.026562 0.095833
0 0.353125 0.229167 0.017188 0.086111
0 0.389453 0.184028 0.025781 0.076389
0 0.277734 0.229167 0.042969 0.075000
1 0.572266 0.375694 0.099219 0.198611
1 0.514844 0.158333 0.042188 0.072222
1 0.500391 0.097222 0.033594 0.055556
1 0.562109 0.122917 0.049219 0.098611
0 0.771875 0.243056 0.054688 0.088889
1 0.865234 0.174306 0.067969 0.068056
0 0.937109 0.217361 0.025781 0.073611
0 0.969531 0.215972 0.028125 0.073611
1 0.860938 0.740972 0.278125 0.518056
