0 0.766406 0.845833 0.076563 0.247222
0 0.725781 0.643056 0.053125 0.188889
0 0.647656 0.678472 0.057813 0.206944
0 0.602344 0.323611 0.025000 0.116667
0 0.575391 0.271528 0.024219 0.101389
0 0.525391 0.296528 0.025781 0.112500
0 0.472266 0.262500 0.025781 0.088889
0 0.492578 0.231250 0.019531 0.093056
0 0.541797 0.230556 0.024219 0.083333
0 0.556250 0.171528 0.020313 0.070833
0 0.520312 0.174306 0.017188 0.073611
0 0.478516 0.162500 0.017969 0.066667
0 0.496094 0.146528 0.017188 0.073611
0 0.532422 0.115278 0.014844 0.061111
1 0.346094 0.133333 0.042188 0.061111
