3 0.531250 0.106944 0.040625 0.100000
1 0.670312 0.374306 0.085938 0.145833
0 0.382422 0.229167 0.017969 0.075000
0 0.403125 0.243750 0.021875 0.073611
0 0.451562 0.268056 0.021875 0.077778
0 0.454688 0.330556 0.020313 0.100000
0 0.370703 0.308333 0.017969 0.088889
0 0.389844 0.325694 0.021875 0.106944
0 0.407031 0.345833 0.023438 0.100000
0 0.421094 0.418056 0.026562 0.125000
0 0.456250 0.478472 0.031250 0.156944
0 0.386719 0.493750 0.025000 0.156944
0 0.331641 0.437500 0.027344 0.133333
0 0.272656 0.442361 0.029687 0.140278
0 0.416406 0.760417 0.045312 0.240278
0 0.318750 0.685417 0.040625 0.231944
0 0.140234 0.765972 0.055469 0.234722
0 0.231250 0.852778 0.073438 0.291667
