0 0.187109 0.556250 0.055469 0.204167
0 0.286328 0.301389 0.030469 0.133333
3 0.355469 0.470139 0.176563 0.495833
1 0.528125 0.168750 0.051562 0.104167
1 0.580078 0.115972 0.053906 0.120833
1 0.771094 0.138194 0.071875 0.101389
1 0.501172 0.058333 0.036719 0.061111
0 0.726953 0.189583 0.047656 0.081944
0 0.338672 0.129167 0.027344 0.066667
0 0.276172 0.182639 0.039844 0.070833
0 0.371875 0.139583 0.021875 0.076389
0 0.416016 0.152778 0.019531 0.072222
0 0.454297 0.109028 0.017969 0.062500
0 0.425391 0.208333 0.024219 0.075000
0 0.395313 0.184028 0.021875 0.068056
0 0.395313 0.118056 0.017188 0.066667
0 0.408594 0.110417 0.014063 0.065278
0 0.419141 0.087500 0.013281 0.055556
0 0.440625 0.068056 0.014063 0.058333
0 0.397656 0.065278 0.015625 0.052778
0 0.896484 0.146528 0.024219 0.073611
0 0.856250 0.133333 0.020313 0.069444
