1 0.668359 0.768750 0.155469 0.359722
1 0.862500 0.661806 0.200000 0.351389
1 0.621094 0.421528 0.096875 0.176389
1 0.620703 0.168056 0.058594 0.100000
0 0.198437 0.851389 0.067187 0.297222
0 0.203906 0.609028 0.050000 0.187500
0 0.276953 0.717361 0.058594 0.237500
0 0.303906 0.358333 0.026562 0.125000
0 0.323437 0.463889 0.035937 0.152778
0 0.390625 0.342361 0.029687 0.123611
0 0.430469 0.410417 0.032813 0.154167
0 0.384766 0.219444 0.021094 0.083333
0 0.433984 0.233333 0.019531 0.086111
0 0.439453 0.177083 0.017969 0.068056
