0 0.421875 0.781250 0.065625 0.243056
0 0.394922 0.552778 0.042969 0.172222
0 0.425781 0.406250 0.032813 0.101389
0 0.485156 0.402778 0.032813 0.111111
0 0.729688 0.365278 0.029687 0.088889
0 0.835547 0.302778 0.027344 0.080556
0 0.424219 0.329167 0.025000 0.080556
0 0.470313 0.296528 0.021875 0.070833
0 0.484375 0.268056 0.018750 0.063889
0 0.459766 0.260417 0.016406 0.065278
3 0.411328 0.224306 0.060156 0.126389
3 0.583203 0.185417 0.041406 0.090278
1 0.731641 0.552778 0.110156 0.172222
1 0.603125 0.520833 0.082812 0.161111
1 0.637109 0.372917 0.071094 0.129167
