0 0.183594 0.784028 0.056250 0.237500
0 0.280859 0.763889 0.085156 0.250000
0 0.329688 0.502778 0.039062 0.144444
0 0.316016 0.293750 0.027344 0.076389
0 0.399219 0.331944 0.028125 0.108333
0 0.434766 0.279167 0.028906 0.086111
0 0.481250 0.265278 0.025000 0.072222
0 0.466016 0.222917 0.021094 0.059722
0 0.686328 0.289583 0.047656 0.081944
0 0.959375 0.281250 0.031250 0.079167
0 0.898047 0.263194 0.025781 0.062500
1 0.564063 0.203472 0.039062 0.062500
1 0.524219 0.131944 0.025000 0.041667
1 0.731250 0.247917 0.060937 0.084722
1 0.922656 0.415972 0.128125 0.137500
1 0.892578 0.328472 0.094531 0.093056
