0 0.964453 0.727083 0.071094 0.187500
0 0.313281 0.726389 0.050000 0.205556
0 0.268359 0.577083 0.042969 0.148611
0 0.434375 0.621528 0.043750 0.156944
0 0.423438 0.515972 0.037500 0.137500
0 0.460547 0.371528 0.024219 0.098611
0 0.487500 0.352778 0.025000 0.086111
0 0.678125 0.346528 0.025000 0.073611
0 0.916016 0.356944 0.028906 0.080556
0 0.852734 0.315278 0.025781 0.063889
1 0.705469 0.570139 0.117188 0.234722
1 0.561328 0.389583 0.066406 0.129167
1 0.625391 0.354167 0.061719 0.116667
1 0.535156 0.241667 0.039062 0.066667
1 0.446484 0.268750 0.038281 0.065278
3 0.398438 0.239583 0.065625 0.129167
