0 0.472266 0.539583 0.030469 0.165278
0 0.582812 0.535417 0.040625 0.151389
0 0.391797 0.290278 0.025781 0.083333
0 0.424609 0.267361 0.021094 0.076389
0 0.412109 0.227778 0.019531 0.066667
0 0.956641 0.345139 0.033594 0.087500
0 0.890625 0.296528 0.026562 0.076389
1 0.513281 0.327778 0.060937 0.138889
1 0.575781 0.432639 0.079687 0.137500
1 0.675781 0.430556 0.092188 0.133333
1 0.591406 0.280556 0.053125 0.105556
3 0.537109 0.153472 0.042969 0.090278
0 0.807422 0.226389 0.021094 0.055556
0 0.919531 0.300694 0.026562 0.070833
