0 0.129688 0.857639 0.078125 0.254167
0 0.144141 0.688194 0.066406 0.187500
0 0.253906 0.716667 0.062500 0.225000
0 0.385547 0.700694 0.050781 0.193056
0 0.322656 0.540278 0.042188 0.161111
0 0.354297 0.589583 0.044531 0.162500
0 0.405859 0.542361 0.041406 0.151389
0 0.435937 0.472222 0.032813 0.133333
0 0.738672 0.313889 0.057031 0.091667
0 0.916016 0.295139 0.025781 0.076389
0 0.869922 0.263194 0.022656 0.065278
0 0.944922 0.291667 0.027344 0.075000
0 0.454297 0.365278 0.030469 0.097222
0 0.389844 0.314583 0.020313 0.084722
0 0.437109 0.326389 0.019531 0.094444
0 0.492578 0.263889 0.022656 0.075000
0 0.467187 0.281944 0.021875 0.077778
3 0.391016 0.188889 0.067969 0.130556
3 0.745313 0.172222 0.062500 0.102778
1 0.553906 0.312500 0.057813 0.122222
1 0.641406 0.332639 0.070312 0.098611
