1 0.768359 0.240972 0.049219 0.054167
3 0.396094 0.206944 0.062500 0.122222
0 0.337109 0.381250 0.028906 0.098611
0 0.309375 0.566667 0.035937 0.152778
0 0.378125 0.479167 0.031250 0.122222
0 0.425391 0.437500 0.025781 0.113889
0 0.466797 0.385417 0.028906 0.095833
0 0.521094 0.264583 0.023438 0.068056
0 0.429297 0.311806 0.019531 0.076389
0 0.450391 0.261806 0.016406 0.062500
0 0.472656 0.250694 0.023438 0.065278
0 0.737500 0.367361 0.059375 0.090278
0 0.782031 0.341667 0.034375 0.083333
0 0.824219 0.379167 0.034375 0.088889
0 0.878516 0.306250 0.027344 0.068056
