0 0.198828 0.771528 0.069531 0.215278
0 0.277344 0.873611 0.070312 0.252778
0 0.405469 0.729861 0.054688 0.201389
0 0.360547 0.461806 0.033594 0.126389
0 0.432422 0.463194 0.041406 0.126389
0 0.504687 0.345139 0.028125 0.081944
0 0.633984 0.339583 0.042969 0.081944
0 0.425391 0.366667 0.024219 0.083333
1 0.746484 0.588194 0.125781 0.198611
1 0.856641 0.344444 0.094531 0.108333
1 0.783594 0.288889 0.057813 0.072222
1 0.805859 0.259722 0.052344 0.058333
1 0.756250 0.222917 0.043750 0.048611
0 0.911328 0.281250 0.025781 0.076389
0 0.952344 0.302778 0.023438 0.075000
0 0.495312 0.286111 0.017188 0.063889
0 0.466797 0.283333 0.017969 0.058333
1 0.532031 0.168750 0.026562 0.043056
