0 0.212500 0.595139 0.045312 0.184722
0 0.313672 0.646528 0.052344 0.234722
0 0.443750 0.471528 0.031250 0.159722
0 0.487109 0.394444 0.027344 0.133333
0 0.378906 0.281944 0.026562 0.102778
0 0.404297 0.355556 0.025781 0.122222
0 0.445703 0.349306 0.027344 0.106944
0 0.426563 0.284722 0.020313 0.088889
0 0.455469 0.275694 0.020313 0.076389
0 0.431250 0.187500 0.014063 0.077778
0 0.442969 0.225000 0.020313 0.077778
0 0.500391 0.234028 0.021094 0.084722
0 0.487891 0.190972 0.014844 0.073611
0 0.462109 0.197917 0.017969 0.079167
