0 0.153906 0.537500 0.056250 0.125000
0 0.275391 0.381250 0.028906 0.081944
0 0.351172 0.314583 0.017969 0.065278
0 0.332031 0.350000 0.025000 0.077778
0 0.328906 0.288194 0.021875 0.054167
0 0.387109 0.276389 0.021094 0.058333
0 0.871094 0.381944 0.043750 0.075000
0 0.967969 0.461111 0.048438 0.094444
0 0.864453 0.322222 0.030469 0.058333
1 0.619531 0.600000 0.103125 0.186111
1 0.582031 0.381944 0.064062 0.108333
1 0.518750 0.360417 0.048438 0.131944
2 0.476953 0.272917 0.041406 0.104167
2 0.543359 0.222917 0.030469 0.065278
1 0.500781 0.250694 0.031250 0.045833
