0 0.545703 0.817361 0.039844 0.162500
1 0.224609 0.709722 0.128906 0.194444
3 0.344922 0.362500 0.117969 0.230556
0 0.678125 0.508333 0.029687 0.086111
0 0.523438 0.431944 0.021875 0.086111
0 0.593359 0.470833 0.024219 0.091667
0 0.661719 0.420139 0.018750 0.081944
0 0.637891 0.391667 0.017969 0.080556
0 0.577344 0.384028 0.015625 0.073611
0 0.606250 0.368056 0.012500 0.066667
0 0.597266 0.410417 0.016406 0.065278
0 0.526172 0.347222 0.013281 0.063889
0 0.542188 0.335417 0.014063 0.062500
0 0.559375 0.328472 0.012500 0.056944
