0 0.138281 0.502778 0.040625 0.125000
0 0.212109 0.481944 0.028906 0.105556
0 0.271094 0.359028 0.021875 0.065278
0 0.250391 0.336111 0.019531 0.066667
0 0.345703 0.298611 0.017969 0.052778
0 0.325000 0.304167 0.014063 0.058333
0 0.308594 0.303472 0.014063 0.054167
0 0.295703 0.290278 0.014844 0.047222
0 0.367969 0.263889 0.015625 0.044444
1 0.511719 0.627083 0.096875 0.190278
2 0.453906 0.272917 0.053125 0.120833
2 0.512109 0.304167 0.046094 0.133333
2 0.767578 0.338194 0.085156 0.131944
2 0.650000 0.274306 0.053125 0.084722
0 0.951172 0.363889 0.038281 0.080556
0 0.883984 0.334722 0.024219 0.063889
0 0.751172 0.240972 0.017969 0.040278
