0 0.371875 0.812500 0.051562 0.208333
0 0.578906 0.803472 0.046875 0.184722
0 0.656641 0.906250 0.049219 0.187500
0 0.731250 0.831250 0.043750 0.201389
0 0.887109 0.901389 0.063281 0.197222
0 0.842969 0.728472 0.051562 0.179167
0 0.539844 0.471528 0.020313 0.109722
3 0.660156 0.538889 0.167187 0.377778
0 0.566406 0.413889 0.017188 0.088889
0 0.610156 0.325694 0.015625 0.051389
0 0.626563 0.305556 0.014063 0.058333
0 0.560547 0.297222 0.014844 0.055556
0 0.586719 0.297222 0.014063 0.061111
1 0.376953 0.365972 0.050781 0.081944
3 0.426172 0.236806 0.060156 0.126389
3 0.557422 0.168750 0.025781 0.056944
