1 0.679297 0.625694 0.132031 0.240278
1 0.676562 0.284722 0.076563 0.113889
1 0.564063 0.107639 0.032813 0.059722
0 0.228906 0.617361 0.050000 0.184722
0 0.357422 0.575000 0.044531 0.175000
0 0.448828 0.512500 0.032031 0.152778
0 0.251563 0.440972 0.034375 0.134722
0 0.350781 0.441667 0.037500 0.138889
0 0.464062 0.403472 0.034375 0.115278
0 0.341797 0.339583 0.024219 0.109722
0 0.424219 0.331944 0.023438 0.105556
0 0.394141 0.267361 0.025781 0.090278
0 0.430469 0.254167 0.020313 0.072222
0 0.433984 0.207639 0.021094 0.059722
0 0.471484 0.243750 0.022656 0.081944
0 0.453516 0.195139 0.019531 0.065278
