1 0.600781 0.264583 0.071875 0.156944
1 0.758203 0.400000 0.125781 0.213889
1 0.647656 0.454861 0.104688 0.234722
1 0.713672 0.782639 0.185156 0.434722
0 0.263672 0.744444 0.063281 0.252778
0 0.285938 0.586806 0.057813 0.156944
0 0.358594 0.454861 0.032813 0.154167
0 0.305078 0.372917 0.036719 0.140278
0 0.368750 0.370139 0.039062 0.112500
0 0.420703 0.205556 0.022656 0.086111
0 0.462500 0.219444 0.021875 0.086111
0 0.482422 0.184722 0.017969 0.077778
0 0.503125 0.137500 0.017188 0.063889
0 0.468750 0.126389 0.015625 0.063889
0 0.435937 0.131944 0.018750 0.063889
