0 0.775000 0.710417 0.062500 0.237500
0 0.298047 0.639583 0.052344 0.212500
0 0.468750 0.436111 0.031250 0.138889
0 0.348047 0.459722 0.038281 0.133333
0 0.256250 0.457639 0.037500 0.134722
0 0.242578 0.606944 0.047656 0.186111
0 0.159375 0.658333 0.046875 0.194444
0 0.172656 0.754167 0.056250 0.191667
0 0.397266 0.381944 0.022656 0.119444
0 0.426172 0.343750 0.032031 0.112500
0 0.530078 0.293056 0.027344 0.091667
0 0.292578 0.322917 0.024219 0.095833
0 0.317578 0.338194 0.016406 0.104167
0 0.376563 0.273611 0.021875 0.077778
0 0.337500 0.370139 0.026562 0.098611
0 0.338281 0.261111 0.020313 0.077778
3 0.513281 0.136111 0.046875 0.086111
1 0.467969 0.103472 0.025000 0.051389
1 0.748047 0.269444 0.069531 0.083333
3 0.920312 0.302778 0.159375 0.205556
