0 0.656250 0.891667 0.064062 0.216667
0 0.560547 0.622222 0.036719 0.147222
0 0.607031 0.570139 0.035937 0.143056
0 0.638672 0.525694 0.035156 0.123611
0 0.551953 0.481944 0.027344 0.122222
0 0.678906 0.472222 0.031250 0.119444
0 0.609766 0.391667 0.027344 0.091667
0 0.568750 0.381944 0.025000 0.088889
0 0.516406 0.309028 0.021875 0.079167
0 0.543750 0.288889 0.017188 0.063889
0 0.564844 0.284028 0.017188 0.062500
0 0.597656 0.247917 0.028125 0.059722
1 0.394531 0.449306 0.078125 0.131944
1 0.424609 0.293056 0.041406 0.072222
3 0.417187 0.184722 0.048438 0.108333
1 0.560547 0.190278 0.027344 0.038889
