0 0.217188 0.872222 0.075000 0.255556
0 0.471875 0.438194 0.031250 0.123611
0 0.517578 0.424306 0.025781 0.112500
0 0.440625 0.343750 0.025000 0.090278
0 0.493750 0.339583 0.023438 0.081944
0 0.525781 0.300694 0.018750 0.070833
0 0.491406 0.268750 0.017188 0.059722
0 0.547266 0.261111 0.016406 0.061111
0 0.529297 0.232639 0.013281 0.051389
0 0.510547 0.227083 0.014844 0.054167
0 0.486328 0.221528 0.011719 0.048611
1 0.707031 0.329861 0.071875 0.120833
1 0.605078 0.168056 0.025781 0.038889
1 0.639062 0.173611 0.031250 0.069444
