3 0.562891 0.675000 0.367969 0.650000
1 0.230078 0.820139 0.192969 0.359722
1 0.562109 0.327083 0.058594 0.098611
1 0.770703 0.283333 0.067969 0.077778
1 0.827734 0.392361 0.114844 0.120833
1 0.891406 0.366667 0.082812 0.094444
3 0.471875 0.159722 0.035937 0.083333
0 0.294141 0.522222 0.046094 0.136111
0 0.258984 0.413194 0.035156 0.106944
0 0.307422 0.405556 0.027344 0.100000
0 0.336719 0.386111 0.025000 0.088889
0 0.368359 0.347917 0.028906 0.081944
0 0.450000 0.295139 0.023438 0.076389
0 0.400781 0.284722 0.023438 0.072222
