0 0.234766 0.744444 0.046094 0.213889
0 0.114062 0.818750 0.087500 0.229167
0 0.338672 0.768056 0.050781 0.261111
0 0.355469 0.383333 0.026562 0.116667
0 0.472266 0.290278 0.024219 0.088889
0 0.437500 0.340972 0.028125 0.104167
0 0.872266 0.424306 0.077344 0.126389
0 0.807813 0.487500 0.071875 0.125000
1 0.562109 0.402083 0.074219 0.145833
1 0.546094 0.286806 0.050000 0.084722
1 0.609766 0.267361 0.058594 0.098611
1 0.646875 0.336111 0.064062 0.125000
1 0.749609 0.397917 0.150781 0.123611
1 0.943359 0.409722 0.111719 0.136111
1 0.895312 0.242361 0.071875 0.065278
0 0.931641 0.281944 0.022656 0.075000
