3 0.953906 0.219444 0.092188 0.130556
3 0.413281 0.201389 0.062500 0.127778
1 0.901563 0.846528 0.196875 0.306944
1 0.583984 0.338889 0.055469 0.100000
1 0.605469 0.230556 0.039062 0.072222
1 0.623828 0.477778 0.074219 0.177778
1 0.653125 0.318750 0.076563 0.156944
0 0.391406 0.465278 0.035937 0.125000
0 0.455078 0.375694 0.027344 0.101389
0 0.413672 0.364583 0.025781 0.095833
0 0.435156 0.331944 0.023438 0.083333
0 0.519141 0.304167 0.021094 0.086111
0 0.976953 0.346528 0.033594 0.093056
0 0.943750 0.322222 0.029687 0.083333
0 0.907031 0.286111 0.021875 0.069444
0 0.886719 0.261111 0.017188 0.066667
