0 0.363672 0.876389 0.066406 0.244444
0 0.457813 0.672917 0.045312 0.187500
0 0.385547 0.511806 0.036719 0.137500
0 0.453516 0.525694 0.036719 0.143056
0 0.405078 0.369444 0.027344 0.094444
0 0.457031 0.417361 0.028125 0.106944
0 0.446875 0.375694 0.020313 0.079167
0 0.444922 0.305556 0.016406 0.072222
0 0.463281 0.325000 0.020313 0.080556
0 0.491797 0.309722 0.022656 0.083333
0 0.471875 0.259722 0.018750 0.061111
0 0.544141 0.275000 0.016406 0.069444
0 0.532422 0.296528 0.017969 0.070833
0 0.504297 0.235417 0.014844 0.054167
1 0.596094 0.295139 0.046875 0.079167
1 0.595703 0.171528 0.025781 0.037500
1 0.664453 0.315972 0.052344 0.109722
0 0.820312 0.242361 0.017188 0.056944
0 0.862500 0.271528 0.020313 0.062500
3 0.908203 0.213889 0.088281 0.105556
