3 0.491797 0.197917 0.046094 0.109722
0 0.171484 0.774306 0.038281 0.212500
0 0.207422 0.850694 0.057031 0.240278
0 0.354297 0.518056 0.038281 0.141667
0 0.330859 0.346528 0.019531 0.098611
0 0.378125 0.311111 0.021875 0.077778
0 0.427734 0.287500 0.019531 0.075000
0 0.357812 0.282639 0.020313 0.068056
0 0.662500 0.347917 0.050000 0.079167
1 0.662891 0.506250 0.103906 0.168056
1 0.795312 0.348611 0.090625 0.091667
1 0.927344 0.395139 0.098437 0.098611
1 0.769531 0.282639 0.070312 0.068056
1 0.707812 0.231944 0.045312 0.063889
