0 0.592578 0.747222 0.041406 0.219444
0 0.562109 0.581250 0.035156 0.148611
0 0.687891 0.633333 0.044531 0.169444
0 0.807813 0.614583 0.043750 0.162500
0 0.719141 0.477083 0.024219 0.123611
0 0.695312 0.506944 0.025000 0.125000
0 0.599219 0.520139 0.021875 0.129167
0 0.613672 0.451389 0.021094 0.116667
0 0.563672 0.406944 0.017969 0.097222
0 0.528906 0.300000 0.014063 0.086111
0 0.610156 0.349306 0.015625 0.087500
0 0.649219 0.304861 0.021875 0.076389
0 0.544531 0.282639 0.017188 0.076389
0 0.602344 0.263194 0.010937 0.068056
0 0.628906 0.252778 0.012500 0.069444
1 0.385156 0.260417 0.048438 0.076389
1 0.456250 0.214583 0.037500 0.062500
1 0.431641 0.141667 0.025781 0.041667
3 0.563281 0.197917 0.060937 0.137500
3 0.458984 0.082639 0.030469 0.062500
