0 0.363281 0.806250 0.065625 0.284722
0 0.596484 0.403472 0.058594 0.095833
0 0.593750 0.296528 0.035937 0.059722
0 0.578906 0.335417 0.037500 0.084722
0 0.532031 0.337500 0.043750 0.097222
0 0.412109 0.295833 0.022656 0.077778
0 0.425000 0.256944 0.020313 0.069444
0 0.453906 0.256250 0.018750 0.059722
3 0.394922 0.199306 0.061719 0.126389
3 0.707031 0.440278 0.156250 0.302778
0 0.892578 0.265972 0.024219 0.065278
1 0.925391 0.369444 0.094531 0.097222
1 0.758984 0.268750 0.061719 0.081944
1 0.800000 0.256944 0.046875 0.061111
