1 0.695703 0.834722 0.192969 0.330556
0 0.762109 0.649306 0.060156 0.162500
0 0.651563 0.550000 0.046875 0.133333
0 0.451172 0.581944 0.042969 0.172222
0 0.320703 0.600000 0.027344 0.155556
0 0.242188 0.636111 0.029687 0.180556
0 0.398828 0.538194 0.027344 0.134722
0 0.322266 0.454167 0.025781 0.108333
0 0.342187 0.526389 0.034375 0.122222
0 0.267578 0.463889 0.027344 0.102778
0 0.290234 0.374306 0.030469 0.101389
0 0.407031 0.419444 0.023438 0.102778
0 0.422266 0.299306 0.016406 0.073611
0 0.369531 0.306250 0.018750 0.068056
0 0.394922 0.297222 0.021094 0.069444
0 0.392578 0.363889 0.021094 0.083333
0 0.421484 0.369444 0.021094 0.083333
0 0.450391 0.266667 0.014844 0.061111
0 0.775781 0.501389 0.056250 0.113889
0 0.949219 0.718750 0.095312 0.187500
1 0.921875 0.322222 0.081250 0.077778
