1 0.618359 0.437500 0.107031 0.238889
1 0.536328 0.097222 0.036719 0.072222
1 0.562500 0.032639 0.031250 0.054167
0 0.166797 0.704861 0.060156 0.243056
0 0.276562 0.856250 0.071875 0.287500
0 0.362500 0.886806 0.089063 0.226389
0 0.163281 0.918056 0.090625 0.163889
0 0.274219 0.539583 0.053125 0.193056
0 0.375000 0.562500 0.045312 0.197222
0 0.352734 0.459722 0.033594 0.169444
0 0.533594 0.363889 0.034375 0.133333
0 0.409766 0.359028 0.033594 0.140278
0 0.362109 0.334722 0.032031 0.133333
0 0.322266 0.268750 0.024219 0.115278
0 0.428906 0.263889 0.023438 0.116667
0 0.386719 0.285417 0.025000 0.106944
0 0.337891 0.205556 0.024219 0.088889
0 0.392188 0.195833 0.015625 0.080556
