0 0.329297 0.611806 0.052344 0.156944
0 0.309375 0.767361 0.046875 0.218056
0 0.205859 0.806250 0.072656 0.256944
0 0.257812 0.509028 0.042188 0.137500
0 0.211328 0.649306 0.055469 0.148611
0 0.416016 0.298611 0.024219 0.072222
0 0.453516 0.305556 0.025781 0.100000
1 0.504297 0.196528 0.032031 0.070833
3 0.524609 0.146528 0.044531 0.084722
3 0.444531 0.125000 0.028125 0.063889
1 0.895703 0.331250 0.107031 0.109722
1 0.751563 0.279861 0.070312 0.084722
1 0.785937 0.259722 0.050000 0.075000
1 0.946484 0.464583 0.107031 0.148611
