0 0.189062 0.677778 0.056250 0.197222
0 0.304297 0.873611 0.082031 0.252778
0 0.380078 0.749306 0.049219 0.218056
0 0.319531 0.640972 0.045312 0.179167
0 0.388672 0.418750 0.035156 0.109722
0 0.325000 0.409028 0.026562 0.106944
0 0.304688 0.370833 0.021875 0.091667
0 0.384766 0.297917 0.021094 0.079167
0 0.378516 0.252778 0.014844 0.061111
0 0.394531 0.231944 0.015625 0.058333
1 0.433594 0.223611 0.035937 0.077778
1 0.526953 0.164583 0.027344 0.045833
3 0.882812 0.493750 0.234375 0.359722
3 0.715625 0.411111 0.167187 0.269444
