0 0.047656 0.820139 0.078125 0.256944
0 0.199219 0.634722 0.057813 0.200000
0 0.233984 0.389583 0.044531 0.126389
0 0.348047 0.556944 0.046094 0.175000
0 0.344922 0.738194 0.050781 0.231944
0 0.394141 0.351389 0.025781 0.108333
0 0.362109 0.318750 0.025781 0.101389
0 0.415234 0.287500 0.021094 0.088889
0 0.449219 0.218056 0.020313 0.072222
0 0.423047 0.172222 0.016406 0.052778
0 0.468750 0.184028 0.015625 0.054167
1 0.617578 0.286806 0.055469 0.093056
1 0.537891 0.200000 0.039844 0.072222
1 0.571484 0.150000 0.028906 0.050000
