1 0.352734 0.600694 0.125781 0.212500
1 0.292969 0.375694 0.073438 0.145833
1 0.406641 0.149306 0.027344 0.045833
0 0.688281 0.688194 0.051562 0.190278
0 0.808594 0.627778 0.053125 0.191667
0 0.554297 0.600000 0.042969 0.166667
0 0.676562 0.513889 0.039062 0.147222
0 0.641016 0.427778 0.032031 0.119444
0 0.554297 0.378472 0.027344 0.109722
0 0.524219 0.269444 0.018750 0.077778
0 0.575781 0.261806 0.018750 0.076389
0 0.547656 0.161111 0.012500 0.055556
0 0.561328 0.192361 0.013281 0.054167
0 0.569531 0.222222 0.012500 0.055556
