3 0.198047 0.652778 0.328906 0.638889
0 0.573438 0.906250 0.057813 0.187500
0 0.845313 0.727778 0.053125 0.191667
0 0.698828 0.722917 0.044531 0.179167
0 0.567969 0.527083 0.028125 0.126389
0 0.678516 0.594444 0.038281 0.136111
0 0.789453 0.577778 0.038281 0.141667
0 0.719922 0.507639 0.030469 0.123611
0 0.628125 0.477778 0.020313 0.111111
0 0.554688 0.429167 0.018750 0.091667
0 0.680469 0.431944 0.020313 0.097222
0 0.693359 0.393750 0.021094 0.081944
0 0.635938 0.411806 0.020313 0.076389
0 0.658984 0.363194 0.016406 0.079167
0 0.554297 0.337500 0.016406 0.069444
0 0.586719 0.279861 0.010937 0.056944
0 0.599219 0.268056 0.012500 0.050000
0 0.624609 0.285417 0.013281 0.051389
0 0.630859 0.354167 0.013281 0.066667
