3 0.283984 0.592361 0.210156 0.520833
0 0.437891 0.777778 0.053906 0.263889
0 0.127734 0.680556 0.064844 0.252778
0 0.821875 0.468750 0.067187 0.126389
0 0.453516 0.370139 0.027344 0.120833
1 0.687109 0.390278 0.107031 0.227778
1 0.543750 0.296528 0.082812 0.126389
1 0.799219 0.198611 0.071875 0.105556
1 0.846875 0.315278 0.090625 0.116667
1 0.594922 0.177083 0.050781 0.073611
1 0.539844 0.195139 0.043750 0.070833
1 0.630469 0.251389 0.059375 0.088889
0 0.614844 0.288889 0.028125 0.088889
0 0.348438 0.285417 0.021875 0.090278
0 0.392969 0.313194 0.023438 0.090278
0 0.440234 0.277778 0.017969 0.083333
0 0.381641 0.254861 0.017969 0.087500
