3 0.682031 0.690278 0.443750 0.619444
0 0.434766 0.682639 0.052344 0.198611
0 0.254688 0.696528 0.056250 0.215278
0 0.221875 0.581944 0.037500 0.161111
0 0.207813 0.470139 0.031250 0.123611
0 0.285547 0.529861 0.041406 0.148611
0 0.301172 0.400694 0.022656 0.118056
0 0.355859 0.440972 0.024219 0.118056
0 0.337500 0.384722 0.021875 0.111111
0 0.367578 0.369444 0.022656 0.097222
0 0.317188 0.344444 0.018750 0.091667
0 0.395703 0.288194 0.021094 0.079167
0 0.341406 0.284722 0.023438 0.083333
0 0.415234 0.256944 0.017969 0.072222
0 0.432812 0.240278 0.010937 0.066667
0 0.933984 0.297917 0.030469 0.087500
0 0.863672 0.263889 0.024219 0.066667
0 0.832422 0.231250 0.022656 0.065278
