3 0.423828 0.629861 0.171094 0.479167
1 0.449609 0.230556 0.055469 0.088889
1 0.475391 0.156944 0.035156 0.052778
1 0.503906 0.103472 0.023438 0.037500
1 0.521094 0.136111 0.026562 0.050000
1 0.612500 0.136806 0.028125 0.051389
3 0.611719 0.063194 0.034375 0.073611
0 0.636328 0.242361 0.017969 0.081944
0 0.621484 0.206250 0.013281 0.073611
0 0.600781 0.193056 0.012500 0.058333
0 0.652344 0.168056 0.012500 0.055556
0 0.733984 0.694444 0.041406 0.183333
0 0.645703 0.531944 0.039844 0.152778
0 0.779687 0.604167 0.045312 0.186111
0 0.855469 0.490278 0.042188 0.138889
