0 0.294922 0.662500 0.049219 0.194444
0 0.647266 0.529167 0.082031 0.130556
0 0.848047 0.415972 0.060156 0.095833
0 0.391406 0.518750 0.035937 0.148611
0 0.405078 0.440278 0.030469 0.108333
0 0.405469 0.350000 0.025000 0.088889
0 0.443750 0.359722 0.023438 0.083333
0 0.447266 0.302083 0.021094 0.068056
0 0.462109 0.288889 0.013281 0.069444
0 0.483984 0.279861 0.016406 0.068056
0 0.689844 0.347222 0.023438 0.072222
1 0.884375 0.586111 0.101562 0.188889
3 0.412500 0.231250 0.067187 0.123611
3 0.600391 0.234722 0.050781 0.105556
